6.130240659696482679e-03
-8.353673439000116607e-01
-9.024975547683589117e-02
-2.132167283165575800e+00
-5.876302842101460699e-02
-3.865986034085692191e-01
-1.449215212743694969e-01
-5.496606125311510604e-01
-1.404391529190883503e+00
2.911542116481626863e+00
-1.263224236692125801e+00
-3.828373668073428715e-01
-6.541691523249668627e-01
1.362800149880381895e+00
1.138090077662903932e+00
-6.052536460482500491e-01
-3.170819011638125184e-01
-2.353058406480824927e-01
-7.036432447369698195e-01
2.247938075781298561e+00
6.553296011599006876e-01
3.539153775572935756e-01
-7.348109439003587262e-01
-2.258110483909930855e-01
-9.095904922877880994e-01
-1.227173944709078368e+00
7.181908443790097074e-02
-2.214286987545888985e-01
3.173721187643283037e-01
-7.816934389207272904e-01
9.776702913119723615e-01
9.554817655273005750e-01
6.556738479788688512e-01
-7.123769213024967462e-01
5.812847825794144052e-01
-7.674727789871165218e-01
2.147736854714421995e+00
-2.016113982632068868e+00
-1.124738788910175424e+00
-2.105472683642618748e+00
8.042710535134666161e-01
-1.898390840102598953e-01
-5.588935828312026066e-01
1.220652029813535266e+00
-1.789040332486988849e-01
3.329294560884018539e-01
7.517119471185919055e-01
-6.522477012042424693e-01
8.227171552233567553e-01
-4.159550210848049212e-01
-9.689404143126938429e-01
1.406235367510765555e-01
4.394944238848799700e-01
-2.556580140173523308e+00
-9.852320007959877168e-01
-7.450926021379132569e-02
-8.140470549342924134e-01
-1.286255177907317249e-01
4.104184462058134697e-01
1.886169711723666431e+00
-3.174871347842365132e-01
4.524009456360419262e-02
-5.118925435571576310e-01
-1.395917082671228382e+00
-1.773920640043755437e-01
3.128260912777785507e-01
-2.079459838624468093e-01
-7.843439175940748465e-01
1.898004682010001165e+00
-6.614057489639347809e-01
1.077502580139006738e-01
1.688564239639430253e+00
1.258847964887149562e+00
-9.932433671448007706e-01
-2.748253126608368291e+00
-1.296118325874573651e+00
1.834433909759014270e-01
2.002277831731024416e-01
-4.385990970062517702e-01
-1.872311085830941968e+00
4.786893350658261159e-01
4.475316145452740840e-02
-6.311644223945505061e-01
6.388870305946831030e-01
7.255851848151287919e-01
-1.603617540987796852e+00
-2.000983975305143658e-01
-2.332427494263973888e-01
-3.377002445800332021e-03
-1.735466154462424804e+00
1.083745478309264820e+00
-1.286173184502003297e-01
-8.094662015895978113e-01
-1.244943947435125375e+00
1.028714205592324016e-01
-8.218605171731874215e-01
-3.221712376429562430e-01
1.151476446185214941e+00
-1.461041818405883208e-01
4.161500516087839885e-01
2.779437693855998370e-01
4.951936642318412463e-01
1.373865787591709742e+00
-9.832808451192510679e-01
-8.588594957964759136e-01
2.053293102599454301e+00
1.330039943744341313e+00
2.377838356975060297e+00
1.228978895716102748e+00
-1.563744944589737784e+00
2.422650746233786734e+00
5.171911695918353091e-01
9.960444095334163306e-01
1.243879945807294662e-01
1.194575743340571677e-01
3.252028121529236260e-01
-5.457309934795462336e-01
1.022528704070766459e+00
5.864075287813319548e-01
1.150882699678851484e+00
9.490287792849912973e-01
-9.373738158992609426e-01
3.129068972409687621e-01
-8.159340512642465626e-02
-6.733353337008500528e-02
-1.274600358151948498e+00
7.503383539495682708e-01
-4.273201850221236553e-02
1.953460086208743118e-01
-6.196446164932355449e-01
9.710705874283606098e-01
6.968270721530264167e-01
1.078661134329820692e+00
-3.955609428450215792e-01
-3.414737158989570864e-01
6.209835981307314234e-02
-9.269979518991480205e-01
-4.638863658930062472e-01
-7.048996562823847123e-01
1.246561622832786709e+00
1.010471280089402679e+00
-1.509861402340202385e-01
-6.493051989887089759e-01
-1.199889357243813182e+00
1.924310699242069433e-01
-5.762251809991216778e-01
1.729824634152057117e+00
1.508351678720300626e+00
1.075541769018847071e-01
2.613072988991614887e-01
-1.480814727821337273e+00
-5.951754741041308527e-01
-4.841643701187275384e-01
1.035546755802963181e+00
1.259298507136932699e+00
1.493076732140581342e-01
1.631255861171759136e+00
-5.582079578422786126e-01
9.467136985474333688e-01
5.589844138744534119e-01
4.293324456445224979e-01
4.872181547303395810e-01
3.375122608481004871e+00
5.530958529274576652e-01
7.211295356994378292e-01
-6.302658055808612048e-01
-9.284056921417682684e-01
4.947240192440450768e-01
-2.517094432553192984e+00
1.025539330596313636e+00
1.322787283815309023e-01
-5.644566379758448882e-01
-3.770632750734925764e-01
-2.488372567392523660e+00
-2.116060220705118788e-01
1.091044450112043318e+00
2.926212276820527869e-01
3.407853868426534150e-01
6.720602564817784730e-01
-1.000358344777314779e+00
-4.827902888617568444e-01
6.309234811374371255e-01
-4.150393170378352536e-01
-5.025497364494784236e-01
9.043500320086278466e-01
7.423850588854038479e-01
1.117975499225334346e+00
7.380944404153221283e-01
3.899714148124692747e-01
-5.005447857565404890e-01
-1.445275385287202008e+00
-9.102599858488188977e-02
1.878475075810243089e-01
-1.101934529819774466e+00
2.287339163677912346e+00
-5.930457960383769267e-01
1.512308557341678794e+00
3.070046012827851722e-01
-1.891354566356651556e+00
-5.530867698284010203e-02
1.752947142951458703e-01
1.115502112306878235e+00
1.325621857997023367e+00
3.793574452229691446e-02
-2.155651326910026810e+00
-3.442508042963428327e-02
-1.642141162626392370e-01
-4.779178053940242310e-01
3.601237880396602198e-01
2.040926977256642405e-01
-3.379016334633161978e-01
-1.758666384311025066e+00
2.209949704479880150e+00
8.817743835920240081e-02
1.406707596751005207e+00
4.494758265967193078e-01
1.625401016218418926e+00
1.236152846252501991e+00
1.094528097648248099e+00
-1.005569881274720245e+00
4.314530317263501336e-01
-1.231219530483467217e+00
-4.992266662227504148e-01
-2.467630318236562759e-01
1.632424489054395300e+00
1.106281598542384836e+00
8.719350448337945259e-02
2.405078673671187384e-01
-6.190263849325884360e-01
-6.790395494041023827e-01
9.606542095582583096e-01
-8.963539100418959071e-01
3.374388085726043873e-01
-3.621394451972048123e-01
2.024325228320383863e-02
4.166262693868449940e-01
-5.475491415895105546e-04
4.786433677944796350e-01
2.434000384068435441e+00
-4.499034049282168435e-01
-3.501541086967863148e+00
1.487816299859149982e+00
-4.613434767766773081e-01
8.091518171865162701e-02
8.272213467818386734e-01
-8.226677844114603788e-01
6.057669012853671431e-01
5.685649856264657354e-01
5.517487365051431114e-01
5.201694783412267320e-01
1.390258756917422511e+00
3.215609249849581130e-02
9.012210515769166763e-01
7.417719086603075107e-01
1.583487097904702878e+00
-2.186418369415715768e-01
-2.784390168049444628e-02
1.926996308531989222e+00
-1.562320526966701095e+00
4.350478320915278085e-01
-2.789935414300441785e-01
7.377611506110098860e-01
-1.324771195293579229e+00
2.685297521549795396e-01
5.843451032556258307e-01
-1.200458745122600979e+00
1.438536968617586842e+00
6.677430380865881920e-01
1.557828437731706872e+00
1.581832633934489030e+00
-9.993824754483382478e-01
9.246898724947720527e-02
-7.697569474837078207e-01
-9.956072308084890771e-03
-1.020809319771195378e+00
-1.222027635972881887e+00
4.886359891318015625e-01
-1.338180932938878076e+00
2.812275193639550697e+00
3.794563733720731635e-01
-5.332996967808336652e-01
-9.469534593648679666e-01
-1.402620705346169450e+00
2.307373727656450157e-01
1.629858946427560795e+00
-1.323104913970048480e-01
1.032650082175421646e+00
-1.073399846499270893e+00
5.780719108205069068e-01
-9.788521506652596571e-01
-1.556322847287696431e+00
3.578209753695098527e-01
-5.801861786613973226e-01
-5.277271902281306382e-01
-1.207604962875693660e-01
1.784492580645507864e+00
1.238257844402966601e+00
-6.160745494629107366e-01
-8.970165254014115241e-01
3.436937550424861154e-01
-1.326873946956518502e+00
-5.607065945709885924e-01
1.194342647920176637e+00
-5.933024220511425861e-01
-1.915066455069453832e+00
5.568815524054574473e-01
-1.405901628291755578e+00
-1.218405027220627046e+00
-1.351242233661991587e+00
-1.024356605350800420e+00
4.316881898807972129e-01
1.312668101063559467e+00
-2.198834388464313783e+00
5.170248761777309632e-01
-9.959426914026175970e-01
-4.123819435714549675e-01
6.850785025436501030e-01
9.338876750368417801e-01
-1.564122413800432376e+00
-1.011948121247533416e+00
1.483724466182692270e+00
1.302541251106325459e+00
-9.062583086867782578e-01
-1.046474363161027155e+00
-7.737087902957767716e-02
5.811417982823391393e-01
-5.332797552377749328e-01
-5.825731270278032836e-01
-9.805357013006105182e-01
1.613489695375214805e-01
-9.732020082915873171e-01
-1.246208254102331991e-01
-1.499112098078808852e+00
1.013158314984340391e+00
6.472982560876276714e-02
-2.149851282368706318e-01
-8.861575179416954218e-02
-1.120435788070881067e+00
-1.042331735780872348e+00
7.288921674165516063e-01
1.301687914248798698e-02
-4.208018059760996743e-01
-1.043357866884600860e+00
-5.239429558191114333e-01
-2.388179097356490088e-01
-1.368453527113712820e+00
-1.810797027259769987e+00
1.822994372722039902e+00
-1.025411271249483836e+00
-5.811150530500419631e-01
3.605045512620894677e-01
1.762308837279095819e+00
-8.527100437937813471e-01
-1.026054393158414957e+00
-1.278615987479353455e-01
-6.603578204795969020e-01
-4.241125584635693224e-01
-1.527889373936537787e+00
1.257694035470303229e+00
-4.206454750166029322e-01
1.015064445341437860e-01
8.939268381684903897e-01
-1.211788702854523225e-01
1.087843296796076054e+00
-9.346759010976808391e-01
1.997481389619517378e+00
-7.208262229788306996e-01
-1.476803098312704232e-01
1.723993697984232132e-01
-2.862406878493078954e-01
-6.216540180839921215e-01
1.454436467999714599e+00
4.707826653926780805e-03
-4.283927981736141422e-01
-1.583472478693189300e+00
1.109521825882136659e+00
-1.306056353487821786e+00
-5.468941653259239422e-01
-3.945745643671990099e-01
-3.321940113628564228e-01
-3.736104807031306319e-01
7.142693879817811897e-01
5.798220846946873230e-01
9.080220617590835097e-01
-1.163819975621875891e+00
2.850563942955497421e-01
-6.789772489727963212e-01
-4.882959558822845270e-01
2.307624299184971306e-01
4.565116162619649032e-01
-9.551212052149643528e-02
-4.936528849712365496e-01
1.171346312049349692e+00
6.179666562226018289e-01
-2.585062543968572601e-01
-1.616788322505207542e+00
6.874264079751731815e-01
-1.326892078742326397e+00
5.514400392860553668e-02
6.029204475755445269e-01
1.268913645359820874e+00
8.414917757059647840e-01
-9.410732648472457385e-01
-2.189032234182898273e-01
-1.802868725771790970e-01
3.135546504470889229e+00
6.121323458258496331e-01
6.623271636953891317e-01
-6.965476533522386715e-01
4.529966447646774363e-01
4.290800979229508205e-01
-3.495742903113307487e-01
-9.006658553017455882e-01
-2.821110241683968956e-01
1.052073395238385167e+00
-1.445597041360470181e+00
8.545802628900565079e-01
5.349627705229681451e-01
-8.883491690404955454e-01
-3.430689756723760420e-01
-1.715125430066935852e+00
3.064266461640455935e-02
-2.037751879807850885e-01
2.488555375164850647e-01
8.414841503710068782e-01
2.576586219017021340e-01
-1.271983650906439056e+00
-1.062576914249620863e+00
-7.693852196697583690e-01
-4.449027451329697902e-01
8.434237061909040378e-02
-1.107263512509065323e-01
7.822239623312350343e-01
-7.268936438317162851e-01
-3.179371956156265888e+00
-3.132858052728343945e-01
6.619383939018171903e-01
2.648514273599215652e-01
-3.910680075830123004e-01
1.533294258861143344e+00
3.728257679686985959e-01
-7.476560494489334907e-01
1.078938227916708126e+00
-2.361845927993208583e-02
4.254291065195380250e-01
1.230749595886617032e+00
-1.189087657099885842e+00
-2.107625767760481494e-01
3.170033066323985071e-01
6.349110006072476997e-01
5.986833532695584603e-01
-1.161531488616591654e-02
-9.263428379251313627e-02
6.133792249571730082e-01
7.104902048651081659e-01
6.258569071812177809e-01
-5.459371635347782803e-01
1.307180375815122586e+00
-3.237367063832678471e-01
-6.127336747767699876e-01
-6.601883071259774249e-01
-9.741036937444482735e-01
-1.163212371909183585e+00
1.666996437140448206e+00
-1.065635589534395633e+00
4.108842692698035370e-01
-1.271166865317119754e+00
1.351061941927120813e+00
-9.320594561031572134e-01
1.100164128430394239e+00
-1.030925002901864174e+00
-6.797134372006297109e-01
-4.899669284238347688e-01
2.323314868711185144e-01
4.855571503617059359e-01
3.422947396898203820e-01
1.781728400287019287e-01
2.539222535137276027e-01
-1.504567365372417642e+00
-8.767079114383932170e-01
-9.381067822132529432e-01
4.297289976148155888e-01
-1.320970242510418169e+00
-5.792268823535274835e-01
-8.625746761705200827e-01
1.510767179651799075e-01
-3.622857072400227918e-01
7.665259428578752310e-02
5.641394359753271193e-01
-1.591047967001169905e+00
7.263857520437012605e-01
-1.072416566178512554e+00
1.177917977486990564e+00
1.199366340353622773e+00
-5.995681789321122279e-01
5.285202261854327066e-01
7.314854911618716704e-01
-1.157295379363746157e+00
1.440340400338041338e+00
-1.217302713869767627e+00
-9.129781020483644927e-01
-8.297708206161481803e-02
-2.983296500360283487e-01
-1.273846388615331060e+00
5.001710806388996039e-02
-9.598971650732446292e-01
2.992880425331098659e-01
5.983516717343071445e-01
1.035953108421131752e+00
2.737396259597741320e-03
-1.097401028662881028e+00
-5.804712045377478091e-01
-3.243186581685016945e-01
9.002452014072805930e-01
-2.142273920650001606e-01
6.090128226106504838e-01
-4.759046615840369365e-01
-8.081407455680573726e-01
3.611897883194104542e-01
2.210468587437723453e+00
-8.953580834635507246e-01
9.291777410503567758e-01
-7.808932793311986753e-01
6.761149466343565617e-01
4.734563370505367463e-01
1.092794960853958608e-01
-5.173221713672655486e-01
-6.572728885246377217e-01
-7.456614311262020622e-02
5.718605238439047334e-01
4.447314918613653467e-01
1.150358690987736354e+00
1.752639234649353339e+00
1.146547304564109027e+00
-3.568346411991109024e-01
7.069806121244288921e-02
-9.449224365707858952e-01
1.124880948341407505e+00
7.889226744996589991e-02
-8.395515497295236163e-01
1.871746780236599461e-01
-1.685709695376801376e+00
1.414307655108039130e+00
1.249120279821441581e+00
-9.087113036292652213e-01
-3.055869311433432323e-01
-1.010794278673734503e+00
4.272469649709781936e-01
-2.913202080940536232e-01
-4.668191172471948258e-01
7.338525634417294441e-01
2.418667945802186470e+00
-1.117365182775242327e-01
-7.289830476249596902e-01
-2.249755888528429004e+00
-9.849330102671903786e-01
3.197354674642185479e-01
-1.147826907686058107e+00
-5.082833810592819468e-01
-8.124956980429197673e-01
7.305520163121478339e-01
-1.747280685082990503e+00
3.996384210839248885e-01
-1.987227148625601236e+00
4.030042379944566155e-01
-6.343578939783725001e-01
3.714203721177722350e-01
-1.454556707364900170e+00
-1.132669508679686743e+00
3.763923424523343830e-01
4.518887950148691157e-01
-1.939593499349054229e+00
-2.923923593395796772e+00
-7.050831646828533694e-01
-1.760241533697992189e+00
-1.245861064063762402e+00
9.161656653897917169e-01
6.838928231706855598e-01
-4.328426378041289740e-02
-1.135588053194410696e+00
-1.110421520870656487e+00
1.025050045288647543e-01
-7.967619916581309969e-01
-1.437611189119178290e+00
-7.930696078110143210e-01
-6.188719472300814317e-01
-9.120011791279137858e-01
8.682327745202085278e-01
-3.419166523619244225e-01
-2.572575837488318751e+00
-9.462362874882157548e-01
1.535447735273554937e+00
1.183020833412688599e+00
-2.059659964420785805e+00
1.585549738296441635e+00
1.271916676256552803e+00
2.183716479227872376e-01
2.463958576690214120e+00
-2.055588305975556196e+00
-1.293015643842502449e+00
-1.101619039103597819e+00
-1.229910648239973189e-02
-7.385889087313569634e-01
1.380912018027629529e+00
-1.977397219181841193e+00
7.161138243962752448e-01
3.266602444616079071e-01
4.379478435366497280e-01
4.170864827957377896e-01
-5.329949652600987076e-01
-5.998236058032543339e-01
1.552846715073435302e+00
1.062463328665653295e+00
6.943309331513386473e-01
3.052101529204576669e-01
-8.536450527885813822e-01
-8.949935729615011715e-01
-9.329071784735085693e-01
3.548253074773426996e-01
-4.266805433817473792e-01
3.270726460275040215e-01
1.577515009000972912e-01
2.838982174088428012e-01
4.258960355155906319e-01
9.059078074769325584e-01
3.787653170369184030e-01
2.061582434720821491e-02
-1.252025267918570162e+00
-1.147732142367725805e+00
3.298324541248000674e+00
8.027742845878954592e-01
1.211517271205299756e-01
-8.624362068019122418e-01
2.906047636162605308e-01
-5.253027628323911902e-01
1.417583160430798961e-01
-2.862309292565348162e+00
-9.256577345540680790e-01
-1.287772510058882158e+00
4.632171127332187499e-01
-1.799153405291981089e-01
8.796574750557506484e-01
-9.304953125095835054e-01
-1.063977542708198998e+00
5.786133370385360131e-01
-4.442455599150822998e-01
1.867165765996790405e+00
7.488275907890372673e-01
6.928340208825460866e-01
-4.419506848963779544e-01
-1.896928800663597814e+00
-9.766320717316092637e-01
-1.625465107464098224e+00
6.439491859097017379e-01
-4.471960824202148022e-01
-2.913633001249337218e-01
-7.254734790526612409e-01
2.152456676449079898e-01
9.506750807422283123e-02
-8.777033844867034862e-01
-8.985358168089223607e-01
1.137565731209507769e+00
1.469547763111517691e+00
9.789883890777283382e-01
3.430366531754394099e-01
7.476937611116837301e-01
2.487033717181974080e+00
2.198782307308358441e-01
1.973313150565869867e+00
-8.407869529645807249e-01
-8.026670110429874327e-01
1.486843947644024055e+00
3.275016970274823302e-01
1.156431068380935345e-01
-4.992163750317296644e-02
2.377564389638165965e-01
7.859784451200844124e-01
1.648379260447028760e-01
1.096575980683231810e+00
-2.165504912008036145e-02
-8.562412789697454061e-04
3.156644826603666187e-01
5.538251661698635475e-01
1.947585132112696904e+00
-6.689249956445066925e-01
1.106279106109187560e-01
1.463638158389725108e+00
1.813266649915999729e+00
1.655770581522929774e+00
4.291460829785305742e-01
-7.144652646867682977e-01
-2.931598218961598001e-01
-2.478707422232936108e-01
2.630558514404576428e-02
-1.118514241848752311e-01
6.535780430871704905e-01
-8.302483726212405157e-01
-8.987197708090099990e-02
1.751121123039455885e+00
-8.135271814663526113e-01
1.442984677079735545e-01
3.576175759373438900e-01
1.101325571214209376e+00
-1.209844363371141762e+00
-7.622495540543834380e-01
6.765616357677889381e-01
-4.725711928491465041e-01
1.771132983960707730e+00
-9.904834252011202045e-02
-2.732197531161275617e+00
6.279632284509698570e-01
-7.787110515840857117e-01
1.443199977295354763e+00
-1.120650172645482889e-01
-3.782298472099415720e-01
1.838578767111283208e+00
-1.767375540994613692e+00
1.683802566347309543e-02
1.178416951029230164e+00
-1.113417550937768175e+00
-1.352973956849606030e-01
1.006561095614907364e+00
1.436952309934117267e+00
-2.088661595925182246e-01
-5.278706268556386805e-01
-7.683490658735965539e-02
-8.057474556483198436e-01
4.350199607886737763e-01
-8.512259721824593228e-01
3.592255129221512133e-01
-1.798256761752996313e+00
5.221731459388421204e-01
1.363951719153026487e-01
1.248575792544859953e+00
6.877112321323052002e-02
1.336293521005736951e+00
3.026419512643332976e-01
-3.809645718768607803e-01
3.827269071404681283e-02
2.588416328821098178e-01
-7.085593658730516831e-01
-1.095325420733041399e+00
5.881904665515423902e-01
-4.218861336330815281e-01
6.091895880157906923e-02
1.093504549616641786e+00
8.379883576619207020e-02
7.007505140944950695e-01
-2.338271256584337543e+00
4.070435648854369148e-01
-1.723079691935501256e-01
6.600981598548554263e-01
1.303389416387586153e-01
-8.177007958575835955e-01
1.662865633520435871e-01
7.173858547094000282e-02
-1.235423643513415271e-01
3.540427754267200244e-01
-5.466201555078753493e-02
-1.117566630734821986e+00
-8.557533241923201972e-01
7.543541308002016388e-01
-3.055522428042906635e-01
2.371647372675572463e+00
-6.630156956172751359e-01
-1.377656435804338386e+00
4.123310246380881838e-01
9.428980601648527526e-02
2.863990355166040391e+00
1.545167291912305618e+00
1.263517831287900739e+00
-1.639571997700902894e+00
2.730800106970882601e-01
6.351305510484419603e-01
5.634997228070964814e-01
-9.293063003306155645e-01
-7.414238740731592392e-01
1.736160530077579978e+00
-2.691319924230532123e+00
6.298566346812874972e-01
-1.209131178262281781e+00
6.252172526061513524e-01
3.796244575553746059e-01
5.581243625445977408e-01
-2.684023098756931902e-01
-9.150978194215684258e-01
-1.650056739608104728e+00
-1.650745504225678006e+00
3.404523211914428638e-01
-1.318741480541785194e+00
2.653742980628862602e-01
-7.412053121510191189e-02
8.544727654719815879e-01
5.549045436015868082e-01
1.282085002870604562e+00
-1.943299508300637968e-01
-9.575541904469175858e-01
-6.665570056972486279e-01
5.452661710511076398e-01
-1.285439712861155215e+00
1.592633903570177090e+00
1.634005344917064173e+00
-6.316236990254011641e-01
-1.117948355695921103e+00
6.514221230872524471e-01
1.593838045466532682e-01
-1.554040479253199880e+00
-1.121330248470121305e+00
2.304141000171186171e+00
-6.746993632404626462e-01
2.435696335975127358e+00
1.524201965022437211e+00
6.491412109519079099e-01
-3.416942976396066811e-01
1.669898439160670378e+00
-5.452557611584341046e-01
-6.946857498186131963e-02
-1.526126442445892017e+00
2.892105536264725441e+00
-1.233842661620834003e+00
4.131148733471768364e-01
8.632690432833487471e-01
-1.228037363141461169e+00
-1.923519441835201738e+00
1.648366546332922677e+00
5.921376578003040292e-01
-1.080355440475691875e+00
-6.058978116026744742e-02
-1.483125951180888080e+00
1.293192550545659847e+00
1.532412685676532577e-02
-3.066935965315533696e-01
-5.561647475643564098e-01
-1.438363673933012343e+00
1.668460241438525449e+00
-5.526801090272893680e-01
-1.083042364787381029e-01
-7.729665020764528438e-02
1.989680955495451542e+00
8.454394021205936527e-01
-1.415680976397427182e+00
-5.164531857990456443e-01
5.484743945595378367e-01
-1.148158293881024861e+00
-2.502444135110881152e-01
-1.183571829270597453e+00
-1.454481559138101732e+00
3.032057807484601075e-01
2.239346748560957501e+00
1.032874807946293938e+00
-1.062693987258457096e+00
-1.419424485887494258e+00
-1.156883244248251286e+00
-1.095888906462456402e+00
-1.913518784724403510e+00
6.562041850573377411e-02
1.487100941955598887e-01
1.600898083430991159e+00
2.157644805077061079e-01
2.895696316851456009e-01
6.475629794080323132e-02
5.356192434669302394e-01
-6.489739391493893894e-01
-1.420506928968469529e+00
3.239403983803072484e-01
-1.110381150639514924e+00
2.183824188727812310e-01
1.453339341214037628e+00
-5.713794908645631887e-01
-2.786692452593233504e-01
1.564685541694559090e+00
2.248761001420821470e-01
2.167048778327513858e+00
1.563767809149179122e+00
-9.769721610923970401e-01
-3.708136413305021528e-01
-7.789516004178176356e-01
-1.969018074802989293e+00
-1.279314436975656166e+00
5.276602933605279988e-01
-9.654255740040712519e-01
-5.133679730384146378e-01
-1.215710579623881404e+00
3.761688689800830598e-01
1.536334475358115625e+00
-1.757001058865352294e-01
-8.233438897536239365e-01
-1.491808498006415296e-01
-2.413007011391919698e-01
-1.445491906923968180e-02
7.518201658985935731e-01
-5.745329791020303833e-01
5.318282827144493741e-01
-4.944306250470356101e-01
-9.883519614436320211e-01
2.084996043727070258e+00
-8.757404782052205516e-02
3.903079850150363295e-01
1.055788974453473861e+00
-1.311961136194813138e+00
-4.174637147809571180e-01
1.740992627602129472e+00
7.898479468560279937e-01
4.042093213523892392e-01
-9.991110476328801671e-01
-5.514907860942613871e-01
-4.646661573095341446e-01
2.276422799011751652e-01
-2.097357000101875424e-01
6.298103110721066378e-02
-3.911135186565972699e-01
-6.325496186966762524e-01
-1.007097423101928957e+00
-6.966570492200012399e-02
2.362762315361659482e+00
1.315343634712675014e+00
-1.187990797650817942e+00
1.515890892855498828e+00
5.515809228480631488e-01
-5.308818386350240282e-01
-7.128816330276872559e-01
-2.129230138814063977e+00
-1.011268535404257207e+00
9.299486026232430813e-01
-4.320975813577385694e-01
8.063912691468392291e-01
1.146422019473001042e+00
-5.145514165629007097e-01
9.256286417784136411e-01
-3.951054110445954559e-01
-1.465119595399208663e+00
1.414358018008823326e+00
6.442654754921054439e-01
2.535496604817242261e-01
1.425864747507306962e+00
2.709746911648966972e-01
-9.380257633500740932e-02
1.149441174824389622e-01
-2.678633868452652056e+00
7.006654075056071296e-01
-1.906772006808525433e+00
7.025413332529303334e-01
8.571039083752604038e-01
-6.735398175051214922e-03
-1.081532948548575623e+00
-8.362830521789400562e-01
8.396513445332312586e-02
1.170775321418498605e+00
1.471011920930084038e+00
1.188864701550742975e+00
-7.388661512152917554e-01
-2.955725034181091448e-01
1.212455616450309748e+00
1.083801322036705844e-01
-1.182626893544198865e-02
-1.215618132398037732e+00
-1.063474824494293314e+00
2.413805474695835951e-01
-1.155374641084214588e-01
-5.982187218163236286e-01
-3.886469550102101822e-01
1.356814829411407963e-01
7.386563122373676071e-01
4.558527902307106805e-01
4.095998589008219004e-01
5.498695817109964246e-01
8.655127728542191257e-01
7.120283270312631752e-01
2.605257091733628183e-01
-4.014357233991613372e-01
-2.116611608833100233e-01
-1.458283899905571834e+00
1.348648255897544779e+00
9.899430839817580097e-01
-1.345004165178034006e+00
3.662380125857375157e-01
-6.209792591030377507e-01
-8.026643012440585201e-01
2.156072691133665398e+00
-9.642226344715278952e-01
-8.088108273546437688e-02
-2.124225869589648763e+00
4.418590261528211327e-01
1.292851070131235125e-01
-1.828300373888249175e-01
8.607982870563364586e-02
-1.425807451802470593e+00
-8.420348206916748734e-02
-1.907971318070226796e-01
1.414643325940802443e+00
-1.509556161324890677e+00
1.269748500355188936e+00
-5.013911570907935156e-01
-1.002423593685113801e+00
-4.633722595989137050e-02
-2.894775415628668691e-01
2.675489010206885121e-01
8.338035144503203044e-01
2.355663252114146289e+00
5.433085540897216736e-01
