8.709955326964314848e-01
-1.187885908559129122e+00
9.896377139933981715e-01
-3.490862543014341957e-01
-1.341592190768695625e-01
-1.222530553612843018e+00
-1.355489232086444673e+00
-1.556015982086351945e+00
2.347058654453746535e-02
-1.576967934513054059e+00
6.826300139053603777e-01
-1.137593968414535528e+00
-1.400058711867691041e+00
-5.141685170697590790e-01
-9.492098563623543872e-02
-2.914686365586929284e-01
-9.119235393045328486e-01
-8.426004482770776960e-01
-5.592063129472930605e-01
-9.376575299945366648e-01
-1.253747954373201301e+00
4.185607658338812986e-01
2.324506982721572079e+00
1.238194182596332321e-01
1.624169922481516481e+00
-6.711087264295545474e-01
-1.334478600368028678e+00
-6.061940738911142379e-01
1.180369471933074621e+00
1.625556986763447398e+00
5.190792091107050421e-01
8.888643396000299735e-01
-6.123286976425239281e-02
-6.187663703302445084e-01
-2.292856865592473870e-01
-1.439538736812610686e+00
-1.395520047201917357e+00
-7.826746798684670881e-02
1.224798431747055050e-01
6.959901170570984563e-01
1.164403307283187639e+00
-1.843123760571136957e-02
3.497989337913419705e-01
-5.433829815849167133e-03
1.376388668138291083e+00
-2.906857621436522710e-01
6.693270126866702752e-01
2.030058636349231893e+00
5.465183772760196651e-02
-8.975966809234399157e-01
1.819531134463439281e+00
1.355258991235028132e+00
3.294796212143978664e+00
-7.857510468304954587e-01
-1.088823475785449801e+00
-3.998232408422787432e-02
-1.634232095110433880e+00
-9.421348171328453036e-01
-1.384060562667642991e+00
-2.142298513691297535e-01
2.372058896899446045e-01
-1.104719009156383214e+00
-5.244038690153893789e-01
-2.005214936546883653e+00
-3.107386369801697357e-01
-6.333419116716753061e-01
4.431980301734343014e-02
2.578176459701895240e-01
1.534637363723604819e+00
8.975729309839336478e-01
1.028782317474755459e+00
-1.287919782565699525e-03
-1.145299065183421616e+00
-5.188082183144849813e-01
8.565761112192240567e-01
-1.566334120471746028e+00
9.232725388795464116e-01
-2.360141230899379661e+00
6.641078059759661922e-01
-6.767063236842272601e-03
-1.559630534956924830e+00
-7.831127126941329619e-01
-6.115530960553061668e-01
-8.699048827926740834e-01
-4.331523651772847816e-01
1.433936679856509855e+00
9.212671764902198301e-01
1.121041989025187924e+00
1.263295980859433065e+00
9.851761747771494715e-01
5.033421728762504932e-01
1.136781290134569966e+00
-3.771861750483010423e-01
1.301800715870548686e+00
2.261388356486789541e-01
2.347840383633652550e-01
-2.121504882025708749e+00
-7.909431306993287558e-01
-1.056622799170565230e+00
2.954277489615817487e-01
