-6.023880627818827271e-01
2.443084132929569385e+00
-7.172226330796542815e-01
-4.906657867723349664e-01
6.669540804014432167e-01
-6.830484546714746807e-01
-3.362921282007786949e-01
-3.995031123519734995e-01
5.794720696445199853e-02
-3.868963965546453054e-01
5.202133380110398608e-01
-9.163488770649353965e-01
-4.372665175232413604e-01
-2.771985569840429986e-01
-7.522363874225662661e-01
-4.624339772574480589e-01
1.063754412371978209e+00
-1.180389981737592242e+00
-7.414001407505477204e-01
1.065940005721744521e+00
1.271637740359553848e-01
-3.814379426103947646e-01
1.629273441733643635e+00
1.061630056646255094e+00
-2.259313854021411661e-01
3.039693738470842024e-02
-4.547361697010268156e-01
-4.862020615397598111e-01
5.630785435268856887e-01
1.067618771513981546e+00
-1.057849167835190229e+00
-6.770669031433714791e-01
-4.965050701356414353e-01
-1.247139960708712803e+00
6.027789537865670955e-01
-2.221078226471170647e-01
-1.045129611515942081e+00
2.043489211720710130e-02
-8.201787306742897021e-01
-4.623228699162069688e-01
-1.874518078008959310e-01
-1.051665812608107542e+00
1.774405673254777716e+00
-4.389749365421556915e-01
-6.250078878309013319e-01
-9.582120331689383264e-01
-8.874662824879242518e-01
1.441281794173599584e+00
4.847374530643761004e-01
1.372218898456958325e+00
1.555809689561069020e-01
7.621950975112528059e-01
-1.580407381326114802e+00
-7.404226682340554477e-01
3.282741750455190899e-01
-6.688891273645370950e-01
6.858382486692755631e-01
9.611758088099118247e-01
-1.054869059470450177e+00
-1.200274823127425589e-01
3.725951859954927392e-01
-5.370676758999227696e-01
-4.985354750229336052e-01
-1.097626193687009755e+00
8.088384338460556933e-01
4.023989975206404002e-01
6.126410727113381638e-01
9.024017074257711934e-01
1.571519082139784251e-01
-2.192794263899697227e-01
-1.269511363328692077e+00
-4.919529101135283744e-02
-1.712991740944830532e+00
2.101867833963672050e-01
2.962251341742132005e-01
1.366588736200271104e+00
-7.378879880696067595e-01
4.079495632694628005e-01
-5.066703155850180718e-01
1.686068726985231692e+00
-6.252872549522140444e-01
6.429892487583491745e-01
1.641880814275669564e+00
-7.700821781359963314e-01
-6.097533701099697723e-01
-1.178573624599271064e+00
2.217354770740316561e-03
-6.393650779470653189e-01
7.863067341077980554e-01
-7.136202283275608904e-01
1.341142474861429568e+00
-1.035342137352994074e+00
1.341040456743292753e+00
6.256264417699465286e-01
-1.058280186181052906e+00
-3.944249884520203975e-01
4.209250841251045427e-01
6.691746413501252766e-01
8.917384465592762544e-01
-9.876870075194034149e-01
-4.293088138420695921e-01
8.192692615194826500e-01
-3.658414931378768942e-01
-1.161224513504962808e+00
3.268770666789825863e-01
3.011723204553145017e-01
-2.441014608770925298e-01
1.003315103813914755e+00
4.207562625988099936e-01
-6.488674797414571982e-01
-3.291375948004429119e-01
-6.622119404008632859e-01
3.727771309366785801e-01
-9.820930350263059605e-01
1.140151520120306516e+00
4.174274993248234811e-01
7.395602493747727157e-01
8.574632908510823048e-01
3.378284347160125378e-01
6.129247729580324933e-01
1.174664576783651659e-01
6.040442400736586448e-01
-2.623936715165513522e-01
1.202682871778661511e+00
-1.170050481394709685e+00
1.567474722391544173e+00
9.563191888529555540e-02
3.591310309894953368e-01
6.409114557208994700e-01
3.406178396035899336e-01
5.161014458755548429e-01
-2.167073044869771259e+00
-1.080826164253191779e+00
-8.500800104089112352e-01
-6.743227032945626753e-01
8.399764128730698998e-01
-2.078537769692406431e-02
4.002228381797219847e-01
-1.714245358955276965e-01
-1.407838233893970337e+00
6.340749220591239688e-01
-6.548734897590374748e-01
-9.003711621376733198e-01
-2.253178414707890098e-01
-1.975534415520891207e-01
-4.546921590445799494e-02
5.347617482772148989e-01
1.051191115607904292e-01
-1.119912636635164160e+00
-1.166113615317903918e+00
5.437643382052199659e-01
-1.603954571305403087e+00
2.117946110938355442e-01
6.406669439551062606e-01
1.037905498712887953e+00
-1.400427645463075965e+00
-1.268834704784289169e+00
-1.569183039993327367e-01
-3.995697920470523412e-01
-4.329280074750984642e-01
1.844607649998330698e-02
2.197596100378681472e-01
-1.271976589204446784e+00
-1.143226873984795944e+00
-4.434005117083588687e-01
-5.101993092538119612e-01
-4.706069418269975269e-01
-1.043530428058891957e+00
-9.095646467475801966e-01
-7.055877601104006969e-01
-1.454341633835383618e+00
-5.699576557708466718e-01
2.143245151588478059e+00
-4.927895335165930479e-01
-8.287604187112097148e-03
-4.707173493948522136e-01
-1.344544717668544054e-01
-9.041944665019763239e-02
-2.462574823548334402e-01
5.624669663289167953e-01
-7.243952923587213544e-01
-1.911945343561944344e-01
-4.737084412976444447e-02
7.493783885648594989e-01
-5.650850388478905195e-01
7.670320438733667645e-01
-1.404230153218934685e-01
1.394916635883469480e+00
1.302776078449671360e+00
-1.395123878832020825e+00
9.690520171186844944e-01
-8.560972018025587715e-01
-7.087200159174709135e-01
-1.278860292019140088e+00
1.032161986929170494e+00
4.440331723978213074e-01
-1.963110460141048952e+00
-1.500678772807263472e+00
1.164623971019359994e+00
-1.902866268463692556e+00
1.005639247980454565e+00
-1.322295512257702033e+00
-8.012076079157683939e-01
9.552816030209554388e-01
7.809434702875120982e-01
-7.586432957863705751e-01
2.785460173423944807e-01
-2.403736587304462768e-02
-1.237169694509906215e+00
6.060761052948600014e-01
1.716153861891024368e+00
-1.823830983679434192e+00
1.643461452630834430e-01
8.099998971933765057e-01
-3.199694362176469520e-01
1.767521834916434970e-02
1.955142731199004807e-02
5.063577332075243076e-01
8.020467575987856590e-02
9.130459243272641690e-01
7.586952922846283975e-01
-5.975837804914816420e-01
2.342903736011038851e-01
2.199537859111730664e-01
7.120311272282477955e-01
7.365279080816617974e-01
-1.463692126249750647e+00
7.837391245613394286e-01
1.367273369542232331e-01
-5.820458778600083871e-01
-1.190828732505369858e-01
-5.525845695711845140e-01
9.738055888069364618e-01
3.004381300416890666e-01
1.512006702400837233e+00
-1.799301654123437011e+00
-1.069934754603907440e-01
-3.592574879354497319e-02
-2.451703555557099568e-01
-2.493396528026602110e-01
1.256717574295045159e+00
7.388176717651856462e-01
-2.630236996473058753e-01
-1.863983168523289935e-01
2.572649351795580630e-01
-1.128033401555727178e+00
4.757410355177667527e-01
-7.940908257487175881e-01
-1.734563566028338277e+00
-3.533544357792414714e-02
-4.719995605797825955e-01
3.531176170266850711e+00
1.112574685036621158e+00
1.581716540032816476e-01
-4.208747914895263342e-01
2.250623430961621041e-01
9.787561060592351314e-01
-1.097377279526578597e+00
-9.088001721535243771e-01
1.597858084542518542e+00
-9.081659684983414138e-01
7.824661327460665783e-01
2.134134568882900762e+00
-1.257150606731506581e+00
-2.729312256869175002e+00
-4.788552152734831258e-01
-4.090243646272428424e-01
3.069455633061490829e-01
-1.299437625193794743e-01
1.023235543534581904e+00
-4.462313533864636361e-01
-7.534386705426979747e-01
5.717066472146275363e-02
-1.242203903161769540e+00
2.095923673891870287e+00
-1.277128231055215668e+00
2.124812081987280388e-02
6.337423537977290300e-01
1.053994075311288636e+00
8.052230277346260623e-01
-2.316808197280813275e-01
-4.115427318386967737e-01
-1.503499965759151680e+00
-7.650178752192762222e-01
-1.728757910767822814e+00
-9.635646375863342605e-01
-1.311096484455811229e-01
-1.472302844743433037e-01
-9.583506806587101245e-04
1.854455169580802310e-01
-1.358808613376915497e+00
-1.399320584752541397e+00
1.120948866472515570e+00
1.610220059239317658e+00
-3.888838252700688863e-02
8.447225901947384985e-01
5.872842496646336619e-01
6.533654987103267864e-01
7.785103439974750961e-01
2.085365133045463115e-01
1.632208348378952900e+00
-4.389093523797654717e-01
3.588501541215129431e-01
1.485455804560330551e+00
9.458132348844519033e-01
-2.172154707060518053e+00
-4.326960029444505973e-01
-1.768287845070939612e+00
-8.138214235868428403e-01
-1.912625111483852725e-01
1.336427067884635445e-01
1.710670742657089294e+00
6.378159910431592250e-01
7.856707961925796235e-01
4.095599561101188057e-01
-1.239540643491959138e+00
1.051801967735077170e+00
4.043479037318120639e-01
2.256590384865938825e-01
-1.226355392506959519e-01
3.021244729663598028e-01
2.777968511063123036e-01
-1.319203552437484550e+00
1.823623947074600959e+00
2.495775573124515145e-01
-3.110704342710451376e-01
1.876576615754554367e-01
1.598372334792892868e+00
1.191575008656488820e-02
4.539738232986878508e-01
-1.610507605992231639e+00
-1.502699229086099375e-01
-1.278605725781679192e+00
3.884775253136849016e-01
2.766296691698110766e-01
-9.671341002558403455e-01
1.815926011370594839e+00
-3.934476199553729181e-01
-2.410817306683573358e-01
-5.529267237718343830e-01
1.382913712220703861e-01
-4.750809758155406515e-01
1.739220788372441984e+00
-9.182688948693852604e-02
-7.894829407327341730e-01
7.856033374767079636e-01
-4.651488046600272264e-01
3.497710511230164854e-01
-5.679524396120720631e-02
-9.234504916076632375e-01
8.235038100288331053e-01
2.136384267635624834e+00
1.342289418988041660e+00
1.412232436200369534e+00
-9.364959176295356569e-02
-3.640625573478194904e-02
1.313240502954827083e+00
-1.432514496057634368e+00
1.242661317177355951e+00
9.996373229109448699e-01
-5.608714257388384139e-01
1.130297650524182185e+00
-6.114386709911764362e-01
1.977874508880271553e-01
-7.333215628666301944e-01
-1.852761792183721168e+00
4.526501918417488723e-02
9.571516539143064550e-01
2.701103135538203762e-02
-4.196145944151976059e-01
6.808799534829702571e-01
-3.640412731905248028e-02
-7.012750001272868294e-01
-9.393389412777061048e-03
7.541010624335327261e-02
1.157184945551642356e-02
1.930581322792451315e+00
-6.401821169873769257e-01
-2.400075257879055457e-01
1.299497012998215295e+00
2.145679493738370525e-01
3.987453312111740589e-01
-1.197326079136442761e-01
-1.446156601504071881e+00
1.317605166331652145e+00
-1.785032854035220051e+00
-8.239206480478489247e-01
1.878151125119958742e+00
4.654538779623678124e-01
3.816946319351933736e-01
-1.592997149931283607e+00
-9.433936174839168132e-01
7.721582397248295537e-01
6.648449156143008132e-01
8.247703200542015889e-01
1.210401007538205453e+00
-1.739728143511759972e+00
-1.119850162295642493e+00
7.943137602863269420e-01
6.173939825226868461e-01
2.912556235903950297e-01
-4.026117775988345415e-01
-1.732500673382952605e-01
-6.268812401820086366e-01
-5.859550411051247520e-01
-7.419897961928748620e-01
5.048555148534552561e-01
1.298445989996609873e+00
6.141582184224460006e-01
-7.968298489322722666e-01
5.579256289066922836e-01
-1.099868771037407988e+00
-3.566960779019313632e-01
-7.238772662344511444e-01
3.920802638136748897e-01
-4.646614425350177324e-01
2.915579090654533134e-01
5.656020371557302084e-01
5.784056589034497486e-02
-4.713108314299301882e-01
-2.646564415626368461e-01
-6.787904344856332539e-01
1.069578757337894814e-01
-8.728085095676001437e-01
-6.691817207379130439e-02
7.609982503644959762e-01
5.426658706976563717e-01
-1.727403191852347475e-01
-8.045158504219893647e-01
-5.165740457145038267e-01
1.172098370243875420e+00
-7.372520505099990906e-01
-1.637602439425251299e+00
2.205859747268310300e-01
-6.823148487694199460e-01
2.262408109716726456e-01
1.877706728174595607e+00
1.656532515755527957e+00
-3.234039766383593473e-01
1.198539704154834906e+00
-4.790363557685761164e-01
1.443376041040460578e+00
-1.270607757988683639e+00
-1.583879756522974247e-01
-2.316701999118880195e+00
-9.559024031673485355e-01
-5.793196744477108195e-01
1.164316131423377643e+00
6.442204288550140712e-01
5.206601244118609362e-01
1.824788864078230155e+00
1.391987457010909424e+00
-1.765293279686513395e-01
2.155720234802939395e+00
9.216435550496286933e-01
4.769639519313516596e-01
-6.956673995594165882e-01
5.015410485761114812e-01
-1.031681538842706081e+00
-7.402453177880334856e-01
1.815023332549039248e+00
-4.661038446670203589e-02
4.301844568853677719e-01
9.098598525634237211e-01
9.740106225515547944e-01
-1.260644174718952515e+00
-8.798694031727648523e-01
-1.228847129803560811e+00
2.729157558880578094e+00
5.887824096493737142e-02
-4.229387132874998234e-01
1.030383931285574040e+00
2.173904203839916727e-01
7.958220393904317375e-03
3.621721972231276010e-01
-1.234306794970974064e+00
-2.126365767283663555e+00
-6.912315454795436853e-01
-1.180794768073319290e+00
5.935433330288716891e-02
1.995473090182864062e-01
-3.286147278891691781e-01
-1.249079706273438894e+00
6.306282284991802101e-01
-1.446966176606144350e+00
-3.724472667630449041e-01
2.660170053434997572e-01
4.878494324291722806e-01
-1.334683821835135620e-01
1.560463837884839666e+00
-1.682645710375204162e+00
1.342721089657843203e+00
-1.424785526660311996e+00
-1.488166836881639643e+00
-1.285674652505254256e+00
-2.324349290160304948e-01
1.737166693871580625e+00
1.122355102885657652e-01
-1.664239074572630428e-01
-3.877314021970929003e-01
2.414162673469236520e+00
3.141930603147511825e+00
5.318965984616196296e-01
2.019374031123293278e+00
7.418379240658388163e-01
-1.752464928618463480e-01
8.712568361285586427e-01
1.486314889475757850e+00
2.941856191070055249e-01
3.288684995980549197e-01
-8.157460740054810200e-02
3.797425903822002069e-01
1.031150515406817902e-01
-4.872314934533802933e-01
4.109196739386318242e-01
3.403683734823252927e-01
3.381203608791599202e-01
5.962775562174125188e-01
5.581422227310206541e-01
-2.207213700533611767e-01
-8.542385009554179787e-01
2.895079171631799175e-01
1.091402754302478240e+00
3.883934298617678915e-01
6.674784872604342389e-01
9.139136511242796912e-01
2.605024843546582813e-01
-3.002226284119970945e-01
6.370166153705025813e-02
7.494349729912512803e-01
1.319597458172284465e+00
6.760463097979277913e-01
2.035126729574336046e+00
-8.925137850740886281e-01
-7.189244658966369439e-01
2.112112188885838238e-01
-8.589088373482476335e-01
1.870184148299893767e-01
7.538795975584002829e-01
-3.206575132907331649e-01
2.260598554294555029e+00
-1.320076351270029202e-01
-5.877687143130109204e-01
-1.263311486409979034e+00
6.853309168047266864e-01
-1.780575421117025492e-01
-1.054603169039283861e+00
1.063731937650915338e+00
2.834972202384034579e-01
1.184480876180646458e+00
2.125158408913146779e+00
-1.989559298613364016e-02
-1.763765673770800957e+00
9.000004351651968992e-02
1.394297998253729354e+00
-1.096808727726044763e+00
-6.844063478146654722e-01
-2.938685233479771952e+00
1.960007534419902164e+00
-1.463440514448336449e+00
5.344431320465627966e-01
-1.420297158126135051e-01
-3.308707175249595567e-01
6.670512166937481169e-01
7.472367559446215779e-01
1.863427418180500506e-01
-5.208725362607704579e-01
6.245142308071115478e-01
5.003620921899142315e-01
-4.149603694795466757e-01
-9.659615753618386869e-01
-1.111938283014872741e+00
-2.458350422039247141e-01
-1.126187431725140381e-01
-1.082957573052367284e+00
6.933487989547253427e-01
5.283387103484598057e-01
6.979091618788069162e-01
-1.352509005156845578e+00
4.416896430294124376e-01
1.362141893880808828e-02
2.177147501115754835e-01
-4.030043640517728676e-01
1.388931288768099903e-01
3.684620836992524295e-01
1.098444653570144203e-01
4.344928224241417225e-01
1.737307955873608423e+00
1.447858028902785588e+00
-1.432087859050434620e-01
-7.343617270727187396e-01
1.857763054136802205e+00
7.437803292848219616e-01
-4.496432294776815941e-01
-6.356362641428789928e-01
-8.457621955308435302e-01
8.662763994667434242e-02
-3.116014608395940855e-02
-1.779458309573402452e+00
5.429999883450004061e-01
-1.536775011334420016e-01
-3.387073529438955344e-01
4.810118426852003637e-01
-1.568165316676810583e+00
-7.614840526718970048e-01
-2.007725765249240180e+00
-1.700917798123920410e-01
-1.421609213031582164e-01
1.716219995435618983e+00
-1.253914109774743268e+00
-1.877736381050883752e-01
-2.157770253708155839e-01
1.039199600564451265e+00
2.796165061373494520e-01
3.673195763051809726e-01
1.583488372632045449e+00
1.729785756787148576e-01
2.676016501715132098e-02
-4.574598242517425861e-01
5.696809912354510175e-01
-1.518214518753673081e+00
1.173469554213503185e+00
6.405664836474261881e-02
-1.280047912594687309e+00
2.044195601346927127e+00
-3.279072454208016851e-01
-7.255100573325030666e-01
1.977930917978956427e-01
6.498404744147288081e-01
1.552783084439647077e+00
1.204303169291499387e+00
2.738956720117532440e-01
5.697266089985880688e-02
2.067478349406653981e-01
1.227858437109834444e+00
-3.570130239989572907e-01
-8.408938919301428561e-02
-1.020343636659424291e+00
-1.414688809234846412e+00
8.186688003966712257e-01
1.239108753043918654e+00
-1.271651070013653628e+00
1.170724738355451322e+00
-2.706859221598492571e+00
-5.414398394466732878e-01
2.781238168003292710e-01
1.580492519444719191e-01
-1.242229570574045594e+00
9.514634870900067209e-01
1.203133054984029116e+00
-1.072614720096316310e+00
-6.542651440342556191e-01
6.530526046923934569e-02
-1.002004295761448560e+00
-9.273131130374954179e-01
-8.140714615303379365e-01
-1.601763888922558055e+00
-7.120259517304569630e-02
-2.136242284231177138e-02
6.678937511155282891e-01
2.736735487806298689e-02
-1.751912786594149063e+00
-1.286910388598296873e-01
8.157238583913877239e-01
2.537673920903492863e+00
9.937472879882777166e-01
3.372499848303400327e+00
-3.105193696186966945e-01
5.760881973441741577e-01
1.163788044075569628e-01
1.134841138578452924e-01
1.201780412632825618e-01
1.358136827758944287e+00
5.240795499177385297e-01
-7.568329169458093419e-01
6.299795004383528241e-01
1.245356825846007931e+00
3.916313728945228223e-01
-1.066181195108500512e+00
2.715001741612554031e+00
1.533567399122866437e+00
-8.975815950588349468e-01
1.024233222673023302e+00
1.169736166503751729e-01
-8.707156182830466662e-01
9.542525701387331027e-01
6.330493912770542853e-01
-1.269918080431307272e+00
1.181699612685909173e+00
-5.201727043069775958e-01
1.554465513247094977e-01
-6.204267015939259888e-01
2.187220777878458033e-01
7.392494466863535063e-01
2.592364323343890331e-01
-5.609407541947362269e-02
-4.857609704366667169e-01
-6.481126011555987665e-01
-2.734646551493091327e+00
-9.318908348416735654e-01
-1.992902006980336871e-01
-1.944094919741952365e+00
4.655020594426538816e-01
-5.614553658633849448e-02
2.199676315438512386e-01
-1.734447756726997358e+00
-2.347767878897774274e+00
-9.150673626142181716e-01
-2.461358656862072891e+00
-3.787574037556379891e-01
7.672405559237358563e-01
1.432205611418067903e+00
7.664178734990723108e-01
-7.355619849336298977e-01
2.605724471396593800e-01
-5.633146020917296770e-01
-8.737453868262665679e-01
1.724793474718035347e+00
-9.578438591732296725e-02
1.989636442245407366e+00
1.911360777388948939e+00
6.400014060933011395e-01
1.873709413042768279e+00
-9.996600904986994995e-02
1.364865088211642652e+00
-3.574541036134237237e-01
-6.279588915253353498e-02
-1.179287710313783100e+00
-1.718708922401941619e+00
-6.148670896798791308e-01
1.540950833840261547e+00
1.931310617829618215e+00
1.783713090934608614e+00
1.081075155904696050e+00
-2.836564844152059117e-01
-3.348881347651625484e-01
-5.688658070327441418e-01
-1.131229475788714911e+00
1.791973153056724666e+00
4.709697647006609866e-01
8.439463717616797478e-01
5.679654329642831456e-01
6.981104095057885095e-01
-1.385690691117682061e+00
-5.179807198200991891e-01
1.954506815318099333e+00
-3.064652731214702053e-01
7.455686753763197672e-01
6.648651033472315897e-01
1.262456497145194811e+00
-4.490040267500043369e-01
-3.043697661161748336e-01
-1.326063649558745894e+00
1.325423327829140518e+00
1.548293743999918648e-01
6.698810544459244953e-01
-1.629674376366834765e-01
-7.664515226855963537e-01
8.002919430004036272e-01
1.778318201670072929e+00
-1.101458841755819762e+00
9.944970214717719914e-01
-8.352664239246769540e-02
1.486687610698236850e-01
-2.585493290518541265e-01
1.588708960430622152e+00
-8.709181876530526223e-01
1.895276871817736186e+00
1.178938550832348664e+00
2.406691656137883994e-01
3.787389708805142807e-01
-2.220669391813326343e-01
1.247657069614928949e+00
-1.377490514338101102e-01
3.373687402315325712e-01
-3.544314383397809132e-01
-6.508035138851504531e-01
7.216169361580888619e-01
-8.336228437298087712e-02
-7.189547090728807266e-01
-9.046330777132701728e-01
8.538376494174442222e-01
-1.760660215121840066e-01
-5.170719554029669096e-01
-2.118101359246213622e-01
7.398656298334822801e-02
2.479931693407585680e+00
-1.798197975114172786e+00
1.438725421883064071e+00
-4.421228412738695268e-01
-2.158799244302748721e-01
-1.046642584942719389e-01
1.990838986320763171e-01
-5.934630536593553662e-01
-7.022082775322104897e-01
6.308983572654203176e-01
-1.389096259624869711e+00
-9.152744230155004379e-01
2.843704583676789355e-01
-8.358760318807181289e-01
1.367536693992194463e+00
4.676965126254389177e-02
-9.336752746379629597e-01
1.408764273742605155e+00
1.591402373651408464e+00
-1.414938661563378774e+00
-4.608730374810009467e-01
1.054017740842843720e+00
7.525465479868123087e-01
-1.259234441337143684e+00
6.978689167266939331e-01
-1.113212811188461604e+00
4.921241717234472318e-02
-1.360605902016318369e+00
-6.670446911104983556e-01
9.695408854194164094e-01
-2.006070443069481790e+00
-5.818709926944549693e-01
1.178583446931035228e+00
1.536495870754807536e+00
-5.045652151167048238e-01
5.983388188431771892e-01
4.630703718389256873e-01
-1.873289300641155952e+00
7.100185096736461032e-01
-1.237421118016690302e+00
-1.338706898753151631e+00
-9.842529296546916884e-01
1.256593649259413636e+00
2.504040582896183142e-01
-1.924748957007331729e-01
-8.549117861852443268e-01
2.369529912776561442e+00
-1.054748664284896664e+00
6.958921380045676730e-02
-3.103494685707299250e-01
6.045593504558229858e-01
-2.135065581993587924e-01
-1.425869377950159000e+00
2.347933325727477261e+00
3.079575413394286532e-01
1.188522479150850408e+00
1.195612526587385371e+00
9.290691606417198489e-01
8.101919003091860583e-02
-8.350009441589488768e-01
-8.889493903315468515e-01
-4.385420855406496621e-02
2.001992146292398189e+00
-2.264984274584776358e+00
1.799727037290642206e+00
-3.618716237250230172e-01
-4.849736264762444793e-01
-1.762096762914842907e-01
-3.802916600559564930e-01
3.480838827547018122e-01
1.160286181189598281e-01
8.393248713693073348e-01
2.068238719398749481e+00
7.916172501392189087e-01
3.371902447845442352e-01
6.869394506438532000e-01
-1.929820070269388399e+00
1.816403808158225663e+00
-6.696186168721093845e-02
2.341336626089413064e-01
5.718855073101247743e-01
3.842447189654313311e-01
-5.519005276432759066e-01
7.282431811402829691e-01
-7.533105747890492809e-01
1.459002130460858471e+00
1.168379923259420528e+00
1.011533484554842044e+00
1.579021956079858624e+00
9.397646966296067106e-01
-4.563617519346148121e-01
3.065676531794434556e-01
-9.368214310352891427e-01
1.189204195075145742e+00
1.045572762766345365e+00
4.025145532776317481e-01
-4.044914236941580254e-01
1.597631557598307994e+00
-2.687556694996050544e-01
2.166918344635600402e+00
-8.067558408383009860e-01
1.204992396121071785e+00
-1.935300146002877808e+00
-5.835956795515830908e-01
2.050002095135974589e-01
3.467870570242373440e-01
-9.899448661203517075e-01
-7.485339438597481410e-01
5.597726624637144877e-01
-5.748874489601843996e-01
-2.325707247525468924e-01
-4.780357929790379212e-01
3.954508628203072251e-01
-9.798424561557250723e-01
2.939855457122068638e-01
1.567533556044454102e+00
-1.120151891073738054e-01
8.500217468513610042e-01
-3.450100938786378468e-01
1.059987284735560475e+00
-1.213584504121231200e+00
-3.885620969087564269e-01
-5.789401489834209436e-01
-1.785603517810174512e-01
2.116823331318285206e-01
-1.670781258353993826e-01
2.654691351160778923e-01
1.641224780299962993e-01
8.755767332085445664e-01
6.191146640331368634e-01
-9.076439830522888830e-01
-2.319282960765483459e+00
-1.876370392908884632e+00
8.647186081164023874e-02
1.040168621227519075e-01
1.895513425235156035e-01
4.785087007888971788e-01
2.341812590421684881e+00
1.035126914145079180e+00
-3.985274187513825062e-02
-1.403748772446921755e+00
4.492174781947161355e-01
-1.762642076222807885e-01
4.272592967613660780e-02
2.052724420076416312e+00
9.350048897795286695e-01
-4.723171806699653641e-01
1.489795150508068378e-01
5.032941340707435263e-01
-9.494562514334452530e-01
-6.830335933847305752e-01
8.455932455707646511e-01
-3.875535343979539249e-01
1.271573443724158814e+00
1.001549820070569252e+00
-4.530301065486962431e-01
-1.587676493952451251e+00
1.366538110205029577e+00
-1.914054375779982720e-01
-5.703330599634055531e-01
4.701510330621018752e-01
-6.945151973683012514e-01
1.667941852603207764e-01
-2.199978980354930780e-01
-1.062154849449991195e-01
-4.061478835933779452e-02
1.225869549116799018e+00
-1.431274039430107392e-01
-1.372508425526117459e-01
-1.521800647913840177e+00
7.994733313661885887e-01
-1.175521050995020772e-01
-3.142908543414683065e-01
-8.979220599761941202e-01
1.497067853751428812e+00
7.975133036671289144e-01
7.801133925718838347e-01
3.374184379489680863e-01
-1.383283240266205139e-01
-1.032293719804661336e+00
-1.388005715909379489e+00
-8.549652348160816651e-01
-3.302166155025265115e-01
1.619752305080428778e+00
-8.956922753517332358e-01
-9.634182629343994719e-01
-7.956045022719713256e-01
8.575204998612642182e-01
-1.082315873922475413e+00
9.706396833764098231e-01
1.231086279699812103e+00
5.503365392814906221e-01
7.837755222887673456e-01
-3.410351306856595488e-01
-9.317301020029132852e-01
-6.355872970925953436e-02
-9.011863716042552985e-01
-1.990661744492804974e+00
-1.479983232659791037e+00
6.285515661339816096e-02
6.213332833663765681e-02
6.448782083097607254e-01
-1.756012407884997684e+00
5.721757428156194480e-01
-2.240670954780716595e-01
-1.337354485280579930e-01
-1.049065041052285041e+00
3.868236075221269665e-01
1.925516427393849206e+00
8.423781736357748295e-01
2.825985480856773258e+00
-9.101965053679161866e-02
-2.209251321475562690e-01
1.104815136900387129e+00
5.863511668638046181e-01
-1.044059058608220125e+00
4.759586079089572208e-01
-1.087534364491865135e+00
-1.080979788159798644e-01
2.506191305649208001e-02
1.068044565594516104e+00
-4.677401593655725609e-01
-5.533836980344417622e-01
3.456644043465324501e-01
6.573348261570337581e-01
1.117146722268620884e+00
-2.916274880545043913e-01
1.153940893172682447e+00
1.751294902488795158e+00
2.699247445338550100e-01
1.368223001644571335e+00
-1.096103177160068443e+00
-2.554813795579713442e-01
-1.061731083026099753e+00
-9.644045097470997918e-01
-2.020145911669928712e-02
-2.186041725939498748e-01
-3.894441072735883580e-01
5.761715470781464399e-02
-2.506174430992910707e-01
-1.594744964461861092e-01
1.518754092240797382e+00
1.690638373393273386e-01
1.445381218987036309e+00
1.812667873909624139e-01
-7.580022064008046234e-01
-3.790670871877550030e-01
-7.690653370373334852e-01
2.082653912566096110e+00
8.950706311589170516e-01
6.995137975550084208e-01
6.127821344134802839e-01
-4.067653196764182688e-01
5.990192612269671368e-01
4.315385444340851251e-01
-2.023572324467186878e-01
-5.674417524822832348e-01
4.434394767820190042e-01
-1.592438020033150048e+00
-1.140554560461284339e+00
5.543925341690986164e-01
-5.256297013733433054e-01
-1.470240962009654151e+00
-2.731335443072844260e-01
-9.086543999945225769e-01
-7.381728527503530479e-01
2.993689828502111294e-01
5.373650161842479234e-01
-3.838086187404205485e-01
-1.109654548405400787e+00
-2.596778584251059341e-01
-4.663545259187529268e-01
-2.980669564832388874e-01
-2.563569310163795745e+00
-1.980624235380142040e-01
1.165372702988903691e-01
-2.239584805430400394e+00
-1.553902355098188082e+00
-2.679139454885501315e-01
2.234259528969010367e-01
-1.165098866002477696e+00
4.445371598897092658e-01
-3.055001839987108170e-01
1.260923329883606447e+00
1.210256435929559365e-01
2.063727318207535522e-01
-2.066068098698537803e+00
7.385429019075349100e-01
1.236122549278384053e+00
3.171450535940899262e-02
-9.367038737988632180e-01
-4.566907461844452176e-01
-6.856234633269205903e-01
1.680129148134251460e-01
-1.078803065598900712e+00
6.559504216950067246e-01
-5.587109043875768677e-01
5.346478789020863570e-02
-2.685300955373589107e-02
7.384688465109098265e-01
-3.691388852708938489e-02
-1.203612129928421703e+00
5.645034833009233283e-02
3.736266763427258941e-01
-1.207849775145632965e+00
-9.858290046446370747e-01
4.983160339697174646e-01
-7.799917853667597267e-01
3.320413127032642020e-01
-1.197429511911807909e+00
2.572734868170046596e+00
1.889096644396023039e-01
3.078579358837416624e-01
-5.498710153974324388e-01
1.532038939769233776e+00
-1.235682379657506713e-01
9.805828163642104078e-01
-8.538900429792167790e-01
2.693433589683795204e-01
8.351789930675297680e-02
4.512162393719837405e-01
-7.629134850939015555e-01
8.374878910659064868e-01
9.657420071235818249e-01
1.717789343769441368e+00
-3.974345862283288344e-01
9.821533180240090560e-03
8.361437608529096455e-01
1.181880740393471907e+00
2.838304841904822351e-01
2.079857665204913886e+00
9.759612142406199897e-01
3.213880468968595694e-01
1.696497558982676679e-01
4.645062318039170357e-01
5.630693031295403994e-01
4.606227988470218970e-01
-8.691264171687266282e-01
4.293488142249973771e-01
8.077716653356389331e-01
-1.153556501965022907e+00
1.993268690788995823e+00
-3.629941051176964750e-01
-1.489271293761894599e-01
-4.499868946193411046e-01
2.135274618062514396e+00
1.710152600648244592e+00
7.881665184072142449e-02
-3.697843460908498137e-01
-3.807531449087573905e-01
9.861946727732424645e-01
-2.539455145793491631e-01
3.617215402388840317e-01
-6.295214982501012857e-02
2.096578940484002729e+00
-1.341447192122507515e+00
3.335001856722362157e-01
-1.681486318192433327e+00
4.656829899348080559e-01
1.292013998465806335e-01
2.736667343833781296e-01
1.315932209659402830e+00
4.075308782800050184e-02
6.803531007148093668e-01
-8.732634384339121869e-02
-1.065853797877754028e+00
-1.060821683848509334e-01
5.406270379914868141e-01
2.829000309235473742e-01
-1.447347907641147735e+00
8.463223952646988790e-01
8.022111745862254839e-01
8.461594569639733221e-01
-1.005491927754450066e+00
-5.983301077705655002e-01
5.254821727327173564e-01
1.461471523516517212e+00
-4.335491528055560040e-01
-4.624512308542669259e-01
1.150338148536092175e+00
-5.557437407799924456e-01
-1.096039031748354597e+00
2.813738343266254938e-01
-9.833881608711930733e-01
1.064981698145468059e+00
2.668267917495200647e-01
3.131378878882761785e-01
-8.161146289248635277e-01
-8.058585952532287822e-01
8.215486009192182748e-02
1.261697904186044550e+00
-2.052271246913630165e+00
-4.936162517989794996e-01
6.157955724843811041e-01
4.241372100762591524e-01
2.530369768627705462e-01
-1.017613439352918814e+00
-6.646496683366566183e-01
2.336996220355260778e-01
-7.287078829207455088e-03
-1.844709687107205731e+00
-6.762642330661440271e-01
-1.270095654731460355e+00
4.321025500798120755e-01
1.884279724451613180e+00
-1.794887827240910561e+00
1.996171714386826723e+00
9.773519159101420328e-01
9.671052837557974069e-01
-9.828660295062559005e-01
2.072280395498037109e+00
-3.313809186344047336e-02
1.488886187039969000e+00
-6.057874118923485263e-01
-9.938231130012147307e-01
1.194893503585964911e+00
-1.364562436719363170e+00
4.188666841037956834e-01
-1.188530368660368985e+00
-6.613233819069455066e-01
-1.664093457152997946e+00
-5.671493395640119228e-01
-4.122668215146326198e-01
-2.121929770415295624e-02
-1.816978905950331624e+00
-1.101359859933460861e+00
6.349255075638519097e-01
-1.647379127676180666e+00
-5.034793162092500163e-01
1.122203983761173696e+00
2.724520426353160274e-01
-1.305877524874452966e+00
-1.336476053052519042e+00
-1.049421158304838730e+00
5.535213005906183259e-01
-2.347462829281705132e-01
-1.760245581040214224e+00
-4.959909519280079615e-01
4.730367658432442501e-02
1.430658938998536689e+00
-1.390962493975966163e+00
8.295875988442850124e-01
1.147082616965286572e+00
-8.901532974215383698e-01
-7.089420621141550027e-01
2.965278131273479389e-01
6.822967110684019509e-01
7.532236705554337108e-01
-3.823882067445783517e-01
-1.381509241459082826e+00
-3.229393867611198288e-01
4.051294302549008353e-01
-1.152787972496259083e+00
-5.705250737441293074e-01
1.739514540335899584e+00
-7.466304294296937094e-01
-2.080430820954368709e+00
7.055735845307781196e-01
-3.693950233433855312e-01
7.528845835656847729e-01
-1.229334890682117987e+00
-7.134801063211606564e-01
-4.554913212313582704e-01
-3.267261423006100896e-01
1.884926254549926933e-02
5.427195560092622495e-01
2.185149641964943268e-01
-1.062343361184539203e+00
-5.139777872661424052e-01
-7.697431935864126329e-01
1.420430265750569188e+00
-2.339615026786608265e+00
-5.623743662769825624e-01
-6.162671662593255384e-01
7.729917241412477269e-01
4.299327963072981929e-01
1.545905484156092080e-01
-1.521967832060776127e+00
5.293484516391890882e-01
-1.432559450289448977e+00
6.034562881697732584e-01
-6.659536552762024275e-01
8.398636088986941584e-01
2.913132425055253716e-01
-1.907525811820150574e+00
1.102022537088536563e-01
1.424711621732626998e+00
3.177180327111106539e-01
-2.239292172688998495e+00
1.336978811202768069e+00
-1.402010563925479625e+00
-3.246724949092865131e-01
-2.456169279255415727e-02
-1.225055156614649754e-01
-2.111469538046263916e-01
9.384916630103269375e-01
7.126444594674776756e-01
9.394357659623188139e-01
-3.609448215873979349e-01
-4.090896500580544493e-02
5.024708250758740391e-01
1.268961764326167030e+00
2.798667734953468322e-01
1.280741101353700451e+00
2.484433852576296287e-01
4.970979949170766660e-02
-4.056530082010796345e-01
-1.425170024408163094e+00
-5.923641801835611842e-01
-4.392630995643885261e-01
-5.287523309385868675e-01
5.551364717981815966e-01
-2.900096921888691281e-01
-1.057668466713824085e+00
-2.575251306909342119e+00
2.139697418014431807e-01
-1.355222382543256554e+00
4.498319229889480853e-01
-2.809895339223201560e+00
6.070091109939185214e-02
4.101945261849832547e-01
1.444757613493795834e+00
7.704506568320819149e-01
3.716190221460686227e-01
-1.203146779907251940e+00
3.223071446018006103e+00
-2.847296743196284785e-01
1.299485065675228812e-01
6.477409541868744958e-01
-1.819350237878315291e+00
1.196197293862774513e+00
-9.609216580427634158e-01
-3.786152062350796044e-01
-7.202122163914553843e-01
-1.130060256220441373e+00
-9.795023469127177584e-01
-5.376478356572936823e-01
-8.418557561464797834e-01
7.478738460530656162e-01
1.079711802342662175e+00
-6.130590934556274796e-01
-8.523439427795943546e-01
-5.736121025924773020e-01
-1.398924517919556187e+00
8.565426714828082710e-01
3.267001396840930050e-01
-1.524940723298864875e-01
-5.098525383549085133e-02
-2.772937305690646448e-01
5.006979224038462517e-01
1.444805687475537725e+00
1.636989501499061639e+00
2.754642792909268167e-01
9.904642803374735793e-01
8.125012720003345068e-01
-1.097242030537038504e+00
-1.023078224980156881e+00
-9.734383175544032429e-01
7.323638420793593395e-01
2.601029540012113339e-02
-1.169607027024649609e-01
1.134330511963505678e-01
-1.104476400037702977e+00
5.089865325671700802e-01
-1.020853791741884065e+00
7.855114868269593709e-01
3.168497872396710546e-01
-1.504887693334912901e+00
-1.219631785680970859e+00
-1.116106027172273141e+00
1.688128185440417039e-01
-4.310714181553483293e-01
1.143079021353970548e+00
-2.369881924809227325e+00
-2.280896775355665262e+00
1.054941631069605368e+00
1.668175425441818238e-01
1.021502860197744278e+00
6.731730627802667843e-01
-1.428104638395710335e+00
3.443889806122938380e-01
9.565193452679975339e-01
-9.793939096906205677e-01
1.357550267666946198e+00
2.475911263028266251e+00
6.925413733319261134e-01
-7.307922207200350240e-01
-1.969129773825130769e+00
-2.400905359880511902e+00
-1.476674795152384867e+00
8.290400155805923710e-01
6.832373805569725844e-01
-3.041225552148572042e-01
9.100716404947620797e-01
9.006239020825487218e-01
-2.416704741719844396e+00
2.092139744963575687e+00
-5.929868020184623223e-01
-1.987929821597721913e+00
2.158474284287877243e+00
2.382573313976660834e-01
-8.439650687855669575e-02
-9.750680997996351296e-02
3.793572631289052893e-02
-3.987409459262174910e-02
7.869320145191069926e-01
7.249867393722109199e-01
1.748479930449826081e-01
7.689605635113644366e-01
7.714952381703787943e-01
-8.837019056811398210e-01
2.924812229055518409e-01
-1.017866533207790081e+00
-1.267448892176017139e-01
-4.875250408308426375e-01
-6.002384253918490176e-01
-1.227236452567897151e+00
-9.913443072333166795e-01
-1.196386725363283721e-01
6.490064328176441411e-01
9.843429153255827124e-01
-1.546252881607223850e+00
1.471015061201293161e-01
4.250693799762377267e-01
-5.258079342683854573e-01
-1.420294839962448208e+00
8.006548617148904201e-01
-1.639197359088057429e-02
1.201065079265174917e+00
4.497443711770650610e-01
-4.630928604578389840e-01
-5.476589798805187037e-01
-2.488928784746406997e-01
2.241433268180186289e+00
-8.646890668891927811e-01
-1.740197915640324222e+00
9.923201760678869165e-01
-8.112189847664954545e-01
-9.155954490187498962e-01
-1.882206688546037121e+00
5.204435380260402644e-01
2.152881246106942204e+00
-2.899778420841279680e-01
8.847725178922289935e-01
4.145250971746752278e-01
1.649570637069350365e+00
-5.874743026573376881e-01
-6.547260826679374146e-01
2.189026959615462342e+00
1.770587395620012161e-01
-6.260542794257482058e-01
-1.515226748656528288e+00
-2.243441285822360687e+00
-1.940528739808065284e+00
-1.355142052684423559e+00
-1.740144993051025712e-01
-1.288869364682478480e+00
8.101965937399923101e-01
-8.117038451257324594e-01
-9.703859552862909021e-01
-2.147062725308428899e+00
4.702487004820788963e-01
-1.508978792002481528e+00
-7.781398891400164164e-01
1.968810939589926701e+00
1.578372950652056517e+00
-4.943165049310532799e-02
3.853813832875936929e-01
-4.753581943998116954e-01
-3.347128853716031527e-01
1.478474466827085498e+00
-3.057117245334572408e-01
9.970640317117394069e-01
-3.669604264323518827e-01
3.206912356811912335e-01
6.719293706145557099e-02
1.732526534269785090e+00
8.442620261393331271e-02
1.495743010107225823e-01
-9.547758735219388226e-01
5.022591269900232858e-01
-2.472455249671919320e-01
-5.970252566683197371e-01
-1.816073746537649525e+00
1.008163846496865357e-01
-1.463267790038027316e+00
-1.019694384702574341e+00
-7.853314805878001126e-01
-1.203736165822988591e+00
-7.889995497039102856e-01
-1.747433072129595810e-01
-1.169102588403372112e+00
-1.023424324164260879e+00
-5.111985607075966165e-01
1.059968549037819674e+00
-7.659287834000601258e-02
1.424960861182629435e+00
-4.681761870568523221e-01
4.108475178179709086e-01
-6.178079853188613718e-02
-1.388221769047911502e+00
-1.002308564782903755e+00
2.735145220213568984e-01
7.341696305559040070e-01
-1.391470047307941549e+00
1.372080619609597152e+00
-8.113386595161521386e-01
1.610014987816632992e+00
1.172890180297920582e+00
-9.113021186354036685e-01
8.253741442273160311e-01
-6.294550540653564008e-01
-1.665630277689869876e-01
-3.911212598135805907e-01
-3.593749467859150282e-01
2.213446693825630973e+00
-7.202958681085135373e-01
-1.538535916956838445e+00
-2.296063029168315506e+00
-6.488366087419259465e-01
1.502183147384910766e+00
1.003420022101603859e+00
-1.507667311447414837e+00
5.482933419955541426e-03
1.033298280940782021e+00
1.552779381034512241e-01
-3.133572116749742120e-01
1.197573590673491228e+00
-8.606472194005914123e-01
1.318882693115075666e+00
-7.026286287738019443e-01
9.232457647455943883e-01
-9.877039616032246006e-02
-2.100800998504087080e-01
5.118852193089116348e-02
-5.118104070847464410e-02
-1.422416941250431999e-01
-1.195772652503297673e+00
-6.601059723808015978e-01
-3.878406188048962311e-01
-1.039252956240445114e+00
1.245566831759703064e+00
4.563801471291791256e-01
1.266029509218738580e+00
3.859310201980958310e-01
-4.168088191787566177e-01
9.449817823459166766e-02
-4.758167379910037686e-01
1.275433806041524010e+00
-1.604907193820568567e+00
-6.114974852398926686e-01
1.593351481844465845e+00
-7.938774389611483739e-01
-2.302106105225230348e-01
7.419882786986753409e-01
-5.394666630647750871e-01
-1.853705453858920160e+00
3.984702839529991603e-01
2.889222810521486218e-01
-6.780677754265072854e-02
1.075319002087303577e+00
-8.881718857388561927e-01
-1.105781221754665422e+00
1.478327515274179937e+00
-3.791868265964633000e-01
1.271118341963812570e+00
-3.179262974052894930e-01
5.673549890746042434e-01
1.023109570987335459e+00
1.436391102133037334e+00
-1.828122550931718493e+00
-1.191163679171674872e+00
-1.610161672299429414e+00
5.721681259502392480e-01
-5.416170596725343733e-01
2.247093266313482385e+00
8.613833677810998901e-02
8.046735070095277775e-01
-3.141648374093025109e-01
8.117940641084684383e-01
7.368603791195885155e-02
-4.705849060815230356e-01
-1.387541015682618006e+00
-1.691974972070368066e-01
7.148446153648820856e-01
3.497446665023442036e-01
7.488246370402418250e-01
9.100321047122604812e-01
8.843358455056379297e-01
3.277573943789092725e-01
-3.798681798603934512e-01
-1.104426856123213785e+00
1.405729719469240413e+00
5.517972103933397321e-01
3.431648977175090764e-01
6.550714781619777494e-01
-3.535719710318185882e-01
-1.874298656802770857e-01
-7.357788985826332340e-01
-4.888736521633373910e-01
2.609148868772067420e+00
1.102883462708957429e+00
1.007619917770611551e+00
-2.157122542725105063e-01
6.807848358631398700e-01
-1.336615616357403891e+00
1.488645104622835946e+00
-9.093810015560964688e-01
-1.692316025883523256e+00
2.797473484213308659e+00
1.182264044126854152e+00
-1.870570765258206203e+00
1.589370982660501586e+00
9.173725576588954711e-01
5.549511747493532932e-01
-1.460758646624758628e+00
-9.625056465998952371e-01
-1.094361933667068909e+00
-1.517471781577621748e-01
-9.877819787573897115e-01
-2.371089443990416490e-02
5.421386607551266223e-01
1.285258437840969714e+00
-3.520115819388997536e-01
5.400636993161658239e-01
2.562282209441073544e+00
1.138327431087714725e+00
-1.772017544438977688e-01
1.766899533177939130e-01
-2.224975177237653146e+00
-4.437767991343276319e-02
4.490058139766898299e-02
-1.067333726392081551e-02
-8.779360964189714123e-01
1.652087038928363727e+00
1.561849503715656839e-01
-1.134003377257492284e-01
-1.024257103275493241e-01
-6.125833802188771632e-02
-1.031559424889634924e+00
-1.348896250292596966e+00
1.842923859639663320e+00
-1.087364611699637162e+00
-1.816729702970031557e+00
-1.666393504896817257e+00
2.953757091715379368e-01
5.250434885771571025e-01
-4.923684721870439929e-01
-7.368031333763417658e-03
-5.952310092148164339e-02
-1.899957476099289000e+00
8.370977933313660246e-01
1.035730737443552485e+00
-1.688720021910848246e+00
-9.325669394647810861e-01
-1.078504461637165734e+00
7.509969194122451119e-01
1.946587916554538278e-01
-5.167848841869793208e-01
2.560231014877271671e-01
8.045761355409092319e-01
6.279359962281936269e-01
-8.900579540653482669e-01
1.503250830510908909e+00
-1.723762376109391203e+00
2.100378679925645198e+00
1.422788175143738343e+00
-6.875260718012727867e-01
-4.656506403301274299e-01
1.055233210525028165e+00
-6.092553996247564857e-02
9.928034685551480054e-01
-9.598166203867173341e-01
1.429566370668428343e-01
1.365319367902989800e+00
2.086350015961310866e+00
-6.749376210985632563e-01
-2.547765981743345787e+00
1.139884303520394049e+00
-7.009251238907748816e-01
-3.428848413153258445e-02
8.710248923273978816e-01
-3.397046295641009128e-01
1.041035875596524468e-01
9.320905066067134426e-01
-1.381475245225088688e+00
-1.056010019184945747e+00
1.620282111250729074e+00
-2.646131771835439905e-01
-2.446564077824428196e+00
-3.979195448520926326e-01
4.051538219480388947e-01
1.405070900592779948e+00
4.818131747361175110e-01
-1.914755565425897421e-01
5.956198066192480711e-01
-1.848392962382964910e+00
1.264327838393176417e+00
-1.775298827774734578e+00
-9.298021867808198282e-01
-1.539208527092037704e+00
1.065442763104895274e+00
-3.317323800028435521e-01
-2.569764565728664962e-01
2.677299221166438703e-01
-1.370293186986519807e-01
5.946497170634928997e-01
2.862123853178129451e+00
-1.924431225128103717e-01
8.858619613137811433e-01
-2.306249760137476512e-01
4.653413018676571533e-01
-6.939782234518135362e-02
-1.152756855366093847e+00
-1.432056189232057131e+00
-1.103641304690943459e+00
-5.258556567648036140e-01
-1.316178517416660976e-01
2.130551081006656577e+00
-2.309724486363234908e-01
-1.247639520743013541e+00
-1.303036537080984880e+00
5.461613487223232477e-01
7.017347230867078123e-01
-6.705251600623332586e-02
-1.665351551495578286e-01
1.348055180972492995e+00
5.698935837980680930e-01
5.041549284439085232e-01
-1.452289270734995197e-01
-8.727055591160184367e-01
-1.275762299108180065e+00
1.033866538406882363e-01
-9.180486277237959181e-01
3.588835486896078675e-01
6.521122438350022144e-01
1.041489753088335357e+00
4.436739944158903937e-01
2.265190424807831615e+00
6.454460948653074626e-01
-6.527971217446366659e-01
6.622648824499937081e-01
-3.854801762741882354e-01
2.314239787274936788e-01
7.805296961810023193e-01
-6.570086559655540226e-01
-1.891716525503309487e+00
-2.422424557194059747e-01
-1.528235753843251610e+00
-5.884229981820311428e-01
-7.668689466572272684e-01
-3.271364319641087981e-01
8.386374497914690362e-01
1.777149294371824562e+00
-4.823832116831911487e-01
2.401120218361027792e-01
6.141336420689562647e-01
-1.214259938500728220e+00
2.442331915131458475e-01
-8.510802896241955254e-03
2.124563729043249249e-01
-7.422685001892013190e-01
-1.294095612945975471e-01
-2.326592404350002585e+00
3.750568460882570121e-01
1.739034047588509935e-02
2.396934243459232505e-01
-1.986326698668798851e+00
-6.589505024599866256e-03
-9.388026462099233749e-01
-4.061122265717052593e-01
-1.172601341680915343e+00
-4.835136932348528815e-01
2.877360355702462957e-01
5.183200327605528290e-01
4.754513674735793005e-01
1.119325887961458266e+00
1.557862528791783996e+00
1.148703635525957001e+00
1.535822774517920708e+00
-2.094683059254592028e-01
1.265962049282604307e-01
7.486100028844394627e-01
1.920195894140008797e-01
7.711296767866595570e-01
1.133348123307178046e+00
1.086361776301894677e+00
9.298301482023172415e-01
-1.116142343917738700e+00
-6.744506711055959780e-01
-4.610784190188787351e-02
1.288855304964337867e+00
1.756561152738008058e+00
2.850230092599984055e-01
2.665960558493395971e-01
-4.570171450604080809e-01
-1.156280636082285929e+00
-7.524571683409111934e-04
-1.588626124174179255e+00
-1.241472636750819758e+00
-9.811333380099557244e-01
3.479148602950130065e-01
-8.018313471032412210e-01
1.198799847344441227e+00
-2.532761989148414328e-01
-9.040245616185214050e-01
-4.255603441170083268e-02
5.729746570061473587e-01
7.952239165703776924e-02
2.653459791191655759e-01
1.414152942044046846e+00
4.410778186531987693e-02
-5.977724974776302824e-01
-1.233692395478082349e-01
9.395189970489875586e-01
1.250147177167038270e+00
-6.671816903564353751e-02
2.421137305930842198e-01
1.561043127068695080e+00
1.999386092164297801e-01
1.228682216496686186e+00
1.625630691528445526e+00
1.281818548815992553e+00
-6.525638221977749787e-01
9.576671477870856153e-01
5.506507439800004677e-01
-7.246163131500577004e-01
4.692388458546014052e-01
1.508080830269893646e-01
-6.585769030852556272e-01
-1.000833702231905376e+00
2.213899168774216442e+00
-2.052882798737980241e-01
9.989379869857775152e-01
-1.281662709446901305e-01
6.243929668673674910e-02
4.913649718226326124e-01
9.589359618989645728e-02
5.396797831061375117e-01
-6.899001692327032254e-02
-1.227247667382047158e+00
1.517186172813511202e+00
-1.046791665424589235e+00
3.285788325682937328e-01
-6.318801940352916091e-01
-5.010600128751228066e-01
-6.537492742537471813e-01
2.360263361088390521e-01
5.991156034013276482e-02
-6.835888203327736834e-01
-1.330855807557077997e+00
1.086659636166020348e+00
-9.151934354866329002e-01
1.642495058553004705e+00
4.619820742209231335e-01
-5.222485585040220063e-02
-2.130998855353836707e-01
9.739708271154374764e-01
-3.011486698327353051e-01
-7.743030879472374839e-02
3.484263485188136555e-01
-5.160482302950846201e-01
7.250535860309033076e-01
1.436390663802899814e+00
2.699072182363257077e+00
-5.157102969070532783e-01
-3.472465749464898610e-01
-4.748166728005911996e-01
9.002958867804199405e-01
5.094572784323304626e-01
9.901754833006105594e-01
-2.092163845514216636e-01
-1.259830463842466886e+00
6.622586981748309620e-01
-5.999325439972429397e-01
1.694613944613496126e-01
-1.881744631269860191e-01
2.474347792653042444e-01
-6.883645150342020402e-01
-6.697014433476852213e-01
1.418400548150344775e-01
9.078279571177543250e-01
8.246988519927130890e-01
1.207686527573605062e+00
-1.012180458427332175e+00
-3.291368193730534464e-01
3.069786030377097408e-01
-3.982869068244970223e-01
2.642225558251121154e-01
-2.059041867268482484e+00
-2.672180483154408259e-01
2.004784130467395009e+00
-5.928977649310546161e-01
6.753026955006675713e-01
-1.453010743275610972e+00
1.018756850426246086e+00
-1.578020671243443918e+00
2.364773065373856620e-01
-1.192859327826389232e-01
8.326902798328704725e-01
3.820103459611706165e-01
6.685260446982176363e-01
-5.819898794087791094e-01
8.599605659894455911e-01
2.719041853059053424e-02
-1.537409489158300335e+00
1.990774787444770988e+00
9.268806834787426396e-01
6.308524717089294409e-01
-1.286236204601075350e+00
5.625237275863947950e-01
1.448804434419287412e+00
-2.521372651840187995e-01
2.783977361236338322e-01
9.664816868950911743e-01
1.038670356885403212e+00
1.543451354746280257e-01
-1.094047537544653004e+00
1.130522042275378114e+00
6.782153170716924417e-02
6.317387969934098457e-01
-7.382771462039725563e-01
5.737395859253998642e-01
-4.279002791973355868e-01
-5.511485437428317313e-01
4.434345155137054406e-01
2.499885735228289274e+00
-1.818033861146186370e+00
-2.992190681246767459e-01
2.046394109117770643e+00
1.537577395080834464e+00
-1.961966908400547549e+00
8.664637253027279717e-01
3.917074396231898792e-01
2.000809906676702443e+00
-9.777478635231814375e-01
-1.014083561617441065e+00
5.722449988643665275e-01
-3.366900135055988508e-01
-8.416960253918316370e-01
4.614078276113857124e-01
-1.238473024637768871e+00
-2.309775736794579259e-01
-8.106147103303666945e-01
-6.295678079830663298e-01
1.039268132729246119e+00
1.919662137701584781e+00
-1.734128853997824571e+00
2.143349146143649075e-01
-1.659178251278300709e-01
1.271111260924210895e-01
-8.404449554693589342e-01
1.453405432934737007e+00
-1.453653255131713173e+00
9.264364464521325226e-01
-6.999507172183047632e-02
-5.382735225443065208e-02
-1.664908805718920082e+00
-4.822297528919680665e-01
1.067437099570259562e+00
5.800726417227834997e-01
7.996955582352547331e-01
-4.190970246549839406e-01
-3.752734183501739151e-01
5.529935716182365901e-01
-2.367543578679905808e-02
5.993305877903363221e-01
2.805035873845286520e+00
-8.208610960295315007e-02
1.612097174391029064e+00
5.262593104985716641e-01
9.151976148907031705e-01
-1.902375927109015846e-02
-1.917518761371863611e+00
2.233454014491913941e+00
-1.224899393180175711e+00
2.391386642197042278e-01
2.791714709558564267e-01
1.765395925093086626e+00
-1.534356378720294622e-01
-8.213313441635955447e-01
-1.228358037996704288e+00
-4.895067566030384953e-01
1.154413847943699389e-01
1.993016308517725044e+00
-6.749224507414320895e-01
1.700008924742746563e+00
5.527230739941960680e-01
1.666855668048296435e+00
-6.526851146592300701e-01
2.866930281809899062e-01
6.044686688946420139e-01
5.102660818482067651e-01
-1.644743808460296774e+00
-1.295777596713157065e+00
-6.188462389957299914e-02
-1.286387180768388427e+00
-1.602637448481958549e+00
-4.557352092204657312e-01
-2.548211131362366988e+00
-7.481737288950160991e-01
-4.382093531203802850e-01
-6.793564028136488409e-01
4.332602836767757704e-01
-2.544810485735818362e-01
8.594901488712597404e-01
-9.670745250462375875e-01
7.935748710984554810e-01
-1.209805975409892875e+00
-4.933512253901529143e-01
-4.423841777598513381e-01
2.527857127433483231e-01
-1.101257903274534655e+00
-8.859398696640417015e-01
