1.063916340291759077e+00
-2.860028203256902435e-01
1.151532242847430609e+00
2.517924623800286699e-01
7.015463263255287962e-02
-1.061271053966337030e+00
-5.698382569194002656e-01
1.347780726965350340e+00
-4.491301180385339764e-01
1.371814709675277300e+00
-1.860646193642158386e-01
2.679113725254002043e-01
-1.188643944140178599e+00
-1.082267169989112432e+00
1.078055905965860095e+00
-7.363823579948003406e-02
1.950236364966928315e+00
3.381522603748209344e-01
-4.768644313024805736e-01
-9.990385016237354199e-01
-7.923022810541753280e-01
6.283102103013089579e-01
-1.024040308129974708e+00
1.506429601294409837e+00
2.415159749286543978e-01
-3.564987647640340818e-01
-1.117080786455372898e+00
-8.072717890579776956e-01
1.293734208058825663e+00
-3.170012619387337915e-01
2.177800763899403247e+00
-3.518120163234469411e-01
-5.113407569639076833e-01
-4.806188865402767352e-01
-7.072756409665306165e-01
1.722607607651631678e+00
-8.664630338936069043e-01
2.597781976823511307e+00
-5.113415952730983038e-01
-3.325162774890396133e-01
-6.026646083618463212e-01
-7.890771056652226001e-01
2.282032852574046089e+00
-7.133073012595432250e-01
2.150936201713862239e+00
-2.322535799933529987e-01
-7.171442919355200951e-01
-2.325261337068310619e-01
-1.115933850020069507e+00
2.340171511891406819e+00
-6.233845194449192384e-01
1.769544100630440653e+00
-3.768644975989111634e-01
-7.826753816462570512e-01
-1.100987615410760623e-01
-1.198861064299460377e+00
1.607324006938232408e+00
-6.020525626318036228e-01
2.079473786117144396e+00
-9.805458857098259262e-02
-5.439953293744839158e-01
-1.411883387408715551e-01
-1.675168195922307035e+00
1.811615672085384432e+00
4.071776945063368958e-01
1.691243983171336174e+00
4.081587917334334459e-01
-1.046464721065777814e+00
2.514635708140017245e-02
-2.041989095466552939e+00
1.005481993833889698e+00
2.269791642357943395e-02
9.331071274593396581e-01
3.802180612726202558e-01
-5.142834147956726332e-01
3.418812018194475888e-01
-1.497702138061063781e+00
-2.794487621518082499e-02
9.513869386900526415e-01
6.530018389343483776e-01
9.209391445268244603e-01
-3.063707819778772601e-01
4.857017433711190435e-01
-1.225193262332318733e+00
6.419835433022398341e-01
2.532258822246952201e-01
1.023851457989977565e+00
4.282978389155264187e-01
-2.017793969574508961e-01
1.092803056830484176e-01
-1.522576971839939119e+00
7.898145174642390298e-01
2.497308873728244505e-01
1.352116191507899856e+00
8.444616744952309073e-01
7.218351385673411891e-02
-4.383749302833591655e-01
-1.792601541407976562e+00
1.022379183090670995e+00
-2.287437098522140388e-01
2.038143756767723858e+00
1.090765901577226415e+00
-1.337045496704544756e-01
-4.873943079756584140e-01
-1.457019206980840309e+00
2.580497627112565695e-02
-2.184526443345891078e-01
1.728055685141671516e+00
6.160463589334828072e-01
2.161300619134233492e-01
9.178017780283531657e-02
-9.658978614954378816e-01
-8.677686033881848449e-02
-2.518555877721759817e-01
2.100441601500856237e+00
4.395925588945293061e-01
4.946524497352220440e-01
1.915186187907733373e-01
-8.329765539497238080e-01
4.753924383617638139e-01
-3.850614884441758146e-01
1.477743869599899007e+00
3.347318629799557188e-01
5.858891447654099860e-01
2.413209513504142589e-01
-6.842603854540554309e-01
6.079917600192985550e-01
-7.248103764809152860e-01
4.362877682948371749e-01
9.861197416110921710e-01
1.166070738781630034e+00
2.993759995521098061e-01
-7.995363934574563070e-01
3.482734643222575865e-01
-1.140906941838988775e+00
4.544470847302450878e-01
5.534662536361614205e-01
-2.893113244541067886e-02
-4.659706394926976247e-01
-1.277834892558431079e+00
7.395480619633794106e-01
-1.330247848781966225e+00
7.177533147152415083e-02
7.677349863947535713e-02
1.695515332652575147e-01
-6.882766850137794767e-01
-3.531923217542285443e-01
3.038276248538349655e-01
-1.443272083263087202e+00
-5.789476697198203681e-02
2.244191793361538512e-01
3.540346035329182128e-01
-4.269350085144809626e-01
-4.768199066871346981e-01
6.176954660666305053e-01
-9.750509181905210321e-01
-4.259925301776640305e-01
5.979045105862601517e-01
4.504009606749559413e-01
-5.687956414713728481e-01
-8.708730970098663704e-01
4.324883579347393869e-01
-4.432792534511703630e-01
-1.100003408362293794e-01
5.136521635684203613e-01
6.392754155446407349e-01
-5.863540863535785519e-01
-8.655814097207724656e-01
9.577251501615002827e-01
-6.021838159056793760e-01
-1.716542517307197702e-01
-1.157568554775185443e-01
1.977352925371171632e-01
-6.666689585594169909e-01
-3.914558933593624279e-01
1.200092827791216621e+00
-1.052857042205559424e+00
-1.034781213222194740e+00
-2.486671017740483269e-01
1.082076094052885629e-01
-4.316836132855918495e-01
-2.696834645581319134e-01
9.310514653429329268e-01
-7.857136534972519737e-01
-1.210462814847688584e+00
1.687842622612574228e-01
6.194770009223006524e-02
-1.115951171911292672e+00
1.463263639217354806e-01
1.382403516636031338e+00
-1.130697033651773653e+00
-8.219702531572445903e-01
9.504156401002794574e-02
8.013151376791227687e-01
-5.719341734407180633e-01
3.860772580351363170e-01
1.451514506108719571e+00
-1.519721423463820331e+00
-7.952351377544304434e-01
2.857889354803754278e-01
9.261504549140502363e-01
3.865979258559142928e-01
-2.638210852471892798e-01
1.288462298091672009e+00
-1.707968471906132102e+00
-9.619812963480244283e-01
-4.227586020586110438e-02
9.457216026634223116e-01
8.106935292384236380e-01
-4.984996453114508008e-01
1.249896544329938575e+00
-1.728560464644037786e+00
-4.579606287586893698e-01
-5.123816987524549837e-01
4.331596580206972247e-01
8.670133874128184148e-01
-9.789047486994171265e-01
1.559187735764540950e+00
-1.360599524197694254e+00
2.290027171407933715e-02
-1.179065641304325229e+00
4.332187102382625277e-01
1.096048316371996068e+00
-2.054842658609766226e-01
7.762331486014207860e-01
-1.250288260938164475e+00
8.300160192278561722e-01
-1.243063911563557333e+00
8.683634491470485495e-01
1.200369786291763496e+00
-5.929537454206417202e-01
6.846512747196029647e-01
-1.184771714586332347e+00
1.721905909492880582e+00
-1.012124870927162190e+00
8.596934315252412473e-01
9.763512439189137027e-01
-5.759059875390639682e-01
-1.003498236760167472e-01
-7.885261648532251311e-01
1.454169494544290231e+00
-5.467993778289346185e-01
7.844031093458558868e-01
1.110275666711340037e+00
-5.515118720872400626e-01
-4.188439567891083515e-02
-9.742908283091833432e-01
1.692471456086782178e+00
-3.878576312871550025e-01
9.850394619931546192e-01
1.036038077916062061e+00
4.630569171199339085e-02
-3.817472304672499539e-01
-2.704319557734100599e-01
1.899403830204854815e+00
-2.940240786551737151e-01
9.964628644029953630e-01
1.264359612784242692e+00
5.221385222668939452e-01
-6.254551729147124206e-01
-7.885523888052083930e-01
1.889137859937644937e+00
5.591393905693802235e-01
6.966935623717624981e-01
1.513105839161297927e+00
1.074230778007036813e+00
-1.325181879536178053e-01
-1.670569327141448568e+00
1.367524219994393775e+00
-4.193988731111990553e-01
2.958779048478779594e-01
1.958425574723809737e+00
1.185359279132174093e+00
-2.102740401633640399e-02
-2.391315320726464577e+00
1.506516682851488653e+00
-2.770653441834469710e-01
-3.164510000585028515e-01
1.457244254983011134e+00
1.640588876707563815e+00
-4.536096148301567710e-01
-3.077823801125952219e+00
9.386031638275451616e-01
-5.118267252648791565e-01
-4.727353128346060696e-01
1.739590339127560670e+00
5.564106637484027562e-01
-1.411059263493659843e+00
-3.500337603760935501e+00
7.633898453292314867e-01
2.520250772870177292e-01
-8.325554886208877958e-01
2.199759568544503274e+00
4.249375535103850909e-01
-2.041579120237182021e+00
-3.414073000177088257e+00
1.799439068192248969e-01
6.050633767436912613e-01
-6.577929170721011909e-01
2.136207334762489030e+00
-5.809637019404090275e-02
-1.946502639716070071e+00
-3.439280995180251210e+00
-1.756281270061243460e-01
5.269323904801458403e-01
-8.336782672813104478e-01
2.104272456416075077e+00
-2.223299082963413609e-01
-1.848549778014709766e+00
-2.742964814044426269e+00
1.414913138077818489e-01
1.120631660493073056e+00
-2.803298657953376960e-01
1.537729380740836316e+00
8.603939772610413872e-02
-1.815537480481931087e+00
-3.276623969398896996e+00
1.970450622889393655e-01
7.798820706129614422e-01
4.329832661614319012e-02
1.411994232913459824e+00
-3.068279115372111177e-01
-1.584500703474517325e+00
-2.786135799389807044e+00
-6.811085654331416883e-03
-3.209317845211483999e-01
5.897268847284389270e-01
5.238190240792790497e-01
3.714615749220627205e-01
-1.651956488864073869e+00
-2.856560370759799738e+00
-7.886859800769777107e-02
3.394347539983803008e-01
4.881975377936029759e-01
3.660931834814212804e-01
8.297757473037291609e-01
-1.228137356491822096e+00
-3.080679198921815853e+00
-4.041908808754852700e-01
1.938777255132084765e-01
2.537162872105510059e-01
-1.500908303999791693e-01
2.503134104792559267e-02
-1.207255117172129300e+00
-2.823885152627004569e+00
1.259199204467835731e-01
1.542050102483109031e-01
1.042606436669294423e+00
2.590194152786640114e-01
1.047255656933009371e-01
-1.304569466019628976e+00
-2.526101928979493039e+00
3.704346504834407083e-01
-6.246629163506223215e-02
6.780274119574514202e-01
3.323022734485298058e-01
1.646430036987909795e-01
-1.066042333309710433e+00
-1.679546979393529371e+00
6.524203850124510318e-01
-3.970671090242954282e-01
1.541408190876651929e+00
2.344660581950858136e-02
1.119291542629064495e-01
-8.809979879798215396e-01
-1.612200097209665728e+00
8.561310593436161076e-01
3.251344567081811965e-01
1.411284880555611299e+00
3.017079773637355022e-01
7.481169337407327369e-01
-1.440672585504782610e+00
-1.443447127326459078e+00
1.424300419518391481e+00
1.742838919668657782e-01
1.426671649869269753e+00
-1.895889037059971249e-01
3.081485572423203201e-01
-2.067808188630137156e+00
-1.064257574365962356e+00
1.410075717879312629e+00
-3.547219535120499367e-01
1.463817340794617561e+00
-1.933182181963760404e-01
-1.530612492047320194e-01
-1.896813495088624180e+00
-1.045664141274700309e+00
1.534421446918140086e+00
1.728308691242452788e-02
1.624289927532062805e+00
-1.358442644652166353e-03
-2.884915331514961157e-01
-6.277596446958368936e-01
-8.964739986854479703e-01
1.561848027715959208e+00
-8.451601023040929972e-01
1.462832737191757104e+00
1.964175902036495169e-01
-8.784515120842866231e-01
2.553468880795575768e-02
-5.565756459957346136e-01
1.243227040092615088e+00
-8.709539233840848382e-01
9.690715409868561059e-01
7.496722935310208280e-01
-1.900159153918018040e+00
7.534374765324490797e-01
1.154930838249411673e-01
8.841732457348070451e-01
-8.622885252355358965e-01
1.152903001903344382e+00
4.560136492167152777e-01
-1.755259341302515264e+00
6.214485996818531754e-01
-6.211770149560957854e-01
9.137438560563706513e-01
-3.312870805116366890e-01
1.827113453922016295e-01
2.648523691555043635e-01
-1.539080665054863406e+00
-5.222237526689986475e-02
-1.437638785301365463e+00
1.235025566024011701e+00
-8.893937271097576147e-01
-5.023669863381142742e-01
1.374950920981138913e-01
-8.886802331719070303e-01
1.782304561524262754e-01
-1.055102024149987328e+00
9.875196998878514876e-01
-9.008548041788152494e-01
-4.408689311016489309e-02
6.999014338190918672e-01
-1.205845321485270016e+00
-7.641513270281019565e-01
-9.503214366739665131e-01
9.516808468517884423e-01
-6.049401811899912662e-01
5.527410459135525533e-01
1.753891211744840195e+00
-1.409852323615679026e+00
-1.402466363567856256e+00
-1.000115318661175534e+00
1.153921514694075556e+00
-1.673408053562407405e-01
-6.178943604129334410e-01
9.488104604657814356e-01
-2.853128402027799382e+00
-1.912507634135761858e+00
-7.864111873108476924e-01
8.718103492708034752e-01
-3.665201703842040359e-01
-2.571902712133694591e-01
1.005953609263243509e+00
-3.048664998193586051e+00
-1.708718351231524712e+00
-7.851590710994081901e-01
4.229410483042844726e-01
-4.598230778352668802e-01
-4.984544793415093267e-01
1.160999560991139656e+00
-3.114373201305967953e+00
-1.324206340811319826e+00
-5.640603209476883206e-01
2.283495801573464101e-01
-4.791748730651194110e-01
-4.788235861239995561e-01
7.399073844123436050e-01
-2.738923923211158407e+00
-6.117314156036814943e-01
-8.570438677287345319e-01
3.166215248471672128e-01
-2.601388850545216513e-01
-9.956476304224310958e-01
6.000178293150548736e-01
-2.446746800726206317e+00
-4.089168560421591603e-01
-7.115666731292508151e-01
8.522661552398577700e-02
-1.191664726042401590e+00
-7.148721409684734018e-01
7.350748165747461593e-03
-1.894246473823195887e+00
-1.013598657960116167e+00
-6.906212551269124145e-01
6.430973820990081302e-01
-6.477400041783776263e-01
-5.154030313465887136e-01
4.820579100187036281e-02
-2.058716723830771755e+00
-1.734576644873385254e+00
-2.973998095183009172e-01
8.455744819653455702e-01
-4.311008505165094817e-01
-8.589356728363422011e-01
5.093371164790909678e-01
-1.578764988564725913e+00
-1.531902064350490811e+00
-6.641765370836327786e-02
3.573034899901622596e-01
-8.205270841983032248e-01
-1.418964525729625503e+00
9.047054890682213468e-01
-8.499231374897875391e-02
-1.019811203610669459e+00
-3.239047931740262065e-01
8.247172409155461015e-01
-8.915958188363055648e-01
-1.750518824683763963e+00
1.347436775617139038e+00
-5.720405109655934961e-03
-1.484466307176792954e+00
-3.512428846207890087e-01
2.206134758867928092e-02
-1.166800600204516591e+00
-1.330908081873045878e+00
1.057780331870220802e+00
-5.313307275384917538e-01
-1.156935518444672129e+00
5.376539790577987699e-01
5.020544241658779772e-01
-5.461396677604433147e-01
-1.788888237028049222e+00
7.775034631299075905e-01
-4.247502608537534474e-01
-4.718260834396298953e-01
7.661630353558812612e-01
8.155971962097151584e-01
-1.416655275117234769e+00
-1.272052688680272103e+00
7.334267798269407113e-01
-6.123204589935112852e-01
-3.125251771862079253e-01
2.174389336777436399e-01
7.135397709634883068e-01
-1.567664803679880592e+00
-9.156424336105848383e-01
1.977573132866763117e-01
-7.778339182813135411e-01
-7.891159027334684328e-01
-5.760301277932659003e-01
5.078054311834491186e-01
-1.405152098323793730e+00
-1.055315199433744189e+00
3.207439667758571478e-01
-7.408283014616903195e-01
-5.920825276606782595e-01
1.412209643930962821e-01
1.019799076062668286e+00
-1.094293972400202097e+00
-1.044035094189192492e+00
1.136790063375513193e-01
-1.054578140648877671e+00
2.194065714841734460e-01
4.717040972965380052e-01
1.247604082892564303e+00
-1.822916189562463263e+00
-9.618545542002843174e-01
-8.426815588174518812e-01
-7.438252458268228562e-01
2.141036087604107629e-01
6.878403470581819779e-01
1.292761876033429180e+00
-1.392872776966018744e+00
-1.158317757415092908e+00
-1.485411900438616595e+00
-8.093392406674746464e-01
2.604671429974965702e-01
2.985824814103544833e-01
4.027182361146905976e-01
-9.427507695700250157e-01
-1.039249539599210959e+00
-9.695670674961548441e-01
-3.599947358509366091e-01
4.905090236926243352e-02
4.134008204867717362e-01
-9.466407715382441079e-02
-8.335644727235442808e-01
-6.649516434091977679e-01
-1.246757842977847863e+00
-5.306804956107710192e-01
-4.874484634665826599e-02
1.215668210158576734e+00
-3.609727039093990619e-02
-1.384475389063403838e+00
-5.268468306482503305e-01
-1.557335631386127295e+00
-1.373255010339510918e+00
9.213813871592718696e-01
7.554373724979904781e-01
-3.076424651870512395e-01
-1.141732332219006496e+00
-4.061079561654450942e-01
-1.384874463781260001e+00
-1.263990697206127667e+00
7.272121768496973004e-01
7.118388392669687814e-01
-4.009381962857197501e-01
-5.918234438907735706e-01
-2.411910112825087216e-01
-1.054410052581329804e+00
-1.600374430885721289e+00
2.231334310951313959e-01
1.146296352112598393e+00
2.074828148630602498e-01
-7.681761934425744842e-01
-6.949458035772386744e-01
-1.122315468065787414e+00
-1.793706432021036523e+00
5.967071803336110314e-04
6.675864235490815979e-01
-1.104699869863956518e-02
-1.344139980761666964e+00
-1.933423714782623870e-01
-6.934800618878087519e-01
-1.109204733255776176e+00
4.828622603868494290e-01
8.120523713021510215e-01
1.621870453179719007e-01
-1.159252826552652937e+00
2.633904719962547047e-01
-9.693063633610913277e-01
-1.641611308377365575e+00
-3.734739275681399073e-01
3.865886945804437036e-01
2.392972964027413885e-01
-1.496794485572371602e+00
5.861159587517574820e-01
-1.182853034871096165e+00
-1.829223719761933209e+00
-7.061803446950978280e-01
-1.078778371764112509e-01
4.731652096897682735e-01
-1.054217960161031087e+00
4.243808883024924317e-01
-1.216126241765411287e+00
-1.577697064192208121e+00
-8.527105007656846647e-01
9.902802517495721268e-01
4.712734626597011589e-01
-1.372128109611933322e+00
1.373772095000524995e+00
-7.706423712656362834e-02
-1.061671415811586749e+00
-1.263030177349167227e+00
2.009911679069610102e+00
1.099337418038969783e-01
-1.567985838546030353e+00
8.578596636026014632e-01
-5.231071854827773482e-01
-1.517177185565080411e+00
-1.504422782215828702e+00
1.198623270423129661e+00
2.416868343797803353e-01
-1.063552807283833168e+00
6.880918351566455149e-01
3.273066860487801044e-01
-9.828925271903523608e-01
-1.415119130990366125e+00
1.437630432598524965e+00
8.172061578157017170e-01
-1.858972762595823003e+00
4.210244272881802363e-01
6.578989909478138998e-05
-6.991662973952099680e-01
-1.764650061162106098e+00
1.128537187194388336e+00
1.412459055348505688e+00
-1.756522456627692463e+00
1.064759698365356222e-01
1.231047628613914924e-01
-3.140858041257670319e-01
-1.210947146793174056e+00
1.550741377527436349e+00
1.144879700792345245e+00
-8.748072552625453246e-01
1.267686828552777589e-01
-3.881292680795631611e-01
-1.090752597625672227e+00
-1.070093015450821916e+00
1.386725827984895298e+00
1.155365841119680326e+00
-9.619045782255601917e-01
-8.389748415051970776e-01
-4.827056353380906328e-01
-1.360463842148742053e+00
-1.257451791040387068e+00
8.000585325383405833e-01
1.021032235773127406e+00
-1.984981298716962606e+00
-6.661504864076015497e-01
1.648415741135167423e-03
-3.198493912212274637e-02
-2.030618438337487008e-01
9.658871876215797680e-01
1.592431495232921046e+00
-2.015339625467126528e+00
-4.058001159995103246e-01
1.508986898264319532e-02
-2.228269345943405533e-01
2.463360261192760747e-01
1.386943046451357908e+00
2.273255756510582870e+00
-1.366306472592368149e+00
-2.559834121773488236e-02
-6.385369781843140968e-01
1.489126116598699368e-01
-3.196083810762381239e-01
1.294954670172472566e+00
1.741077891836450897e+00
-9.977580278408318959e-01
3.605419610278380871e-01
-3.509889110924666600e-01
6.782288450479608821e-01
-5.316686104341675767e-01
7.850356821472213031e-01
1.377212422296450800e+00
-3.003341459029325033e-01
4.718283972120654868e-01
-4.586976744777223614e-01
-1.560072472742490834e-01
-1.835520257467838645e-01
8.453402766936217727e-01
8.910569959083336489e-01
-1.200726457732162467e-01
1.141564056748259059e-01
-4.663007402906993448e-02
1.889151929698771326e-01
-5.066610250907497282e-01
1.509922196791435023e-01
9.428055319129040601e-01
-3.243132038088825109e-02
-7.453725525618715153e-02
-1.602229177215572786e-01
-1.404623583024792177e-01
2.277355174672195393e-01
-4.475341563194695782e-01
1.505379016602821141e+00
-4.647821188671700243e-01
-8.116587852028295247e-01
2.618888811086506063e-01
1.209692074423425190e-01
-1.103835768492426039e-01
-2.747707761740730836e-01
1.251814686975822877e+00
-2.636518389053534861e-01
-3.087240526824544529e-01
-1.017317755754536535e-01
1.645806784708805370e-01
-5.631185923477756150e-01
-3.385311709806305691e-01
1.156346133887912186e+00
-7.377180124061837319e-01
-4.399759359927383762e-01
-4.898045256274352610e-03
4.557256785918164521e-01
-2.521090046064694001e-01
5.755018581814574929e-02
7.166278516933430875e-01
-4.821815228986656710e-01
-4.055245364739231140e-01
4.528951297272567622e-01
4.988652469343117790e-01
5.285314861133230124e-01
-1.743470246926470679e-01
5.692140497892639317e-01
-2.447282175682613525e-02
-1.595089065200255840e-01
9.299200344448231847e-01
1.869547087138839769e-02
7.548674313951989623e-01
-3.990246370549976884e-01
5.914370317889683371e-01
6.261943659014792551e-01
3.402069647922847384e-01
5.662165950325531716e-01
-7.838987803456411996e-01
3.649623527999814598e-01
-3.340344116610775016e-01
9.055073876813929390e-01
5.268342501661134047e-01
8.022710162655453114e-01
-2.323617083445269627e-01
-2.400011164705216915e-01
-1.310159298148517171e-01
-7.882883221455755374e-01
9.411476570214953874e-01
5.201677143578651297e-01
5.515347216863748514e-01
-9.696374757120651555e-02
-5.298284965107069588e-02
1.188935490412355578e-01
-6.643416491833296078e-01
4.295276029937023510e-01
8.276767602867054485e-01
-3.913492676290450945e-01
6.106739963218421607e-02
-4.947209094669628993e-01
2.734054431443905253e-01
-9.996614238941378128e-01
6.003985860124254614e-01
3.524925966832838098e-01
-7.140894227956816609e-01
3.706579301715804409e-01
-6.289584337229812139e-01
6.095449216476653276e-02
-5.891098484508969779e-01
9.445806318719690564e-02
4.419553376978539450e-01
-5.908215381193937521e-01
-3.642348897422871268e-01
-4.550582916566815461e-01
1.506137703682547402e-01
-1.853106451958108081e-01
5.944552678717390792e-01
-2.900002401851110578e-01
-2.627099558714616201e-01
-9.225983426414832156e-01
-6.518397059112217562e-01
-9.765034653184948565e-01
-4.912233074488076001e-02
6.343068751729934451e-01
-4.033974665109124613e-01
-1.308338685143197289e+00
-5.949040051069379720e-01
-8.830824710045003245e-01
-2.778764772193444976e-01
5.532623826324872818e-01
9.634670942904994817e-01
-4.955445125237786796e-01
-1.413356879257865240e+00
-4.025561469872777076e-01
-4.965601241258922327e-01
-1.632689971603716872e-01
6.187898709053847313e-01
1.114822965962966261e+00
-7.858644172824102991e-02
-8.308068828288357466e-01
-4.234090052402565418e-01
-5.135082620986499702e-01
5.749328856609109417e-01
1.003873142863173751e+00
4.849059497592458357e-01
-4.785560891411108630e-01
-9.448769121437778917e-01
8.127657866538171016e-02
-8.876137158774262126e-01
6.006545446629850682e-01
7.952582302438599982e-01
-6.255841569208511199e-01
-2.545160674968322545e-01
-7.646145540194211332e-01
-8.444099951314060215e-02
-1.762411147256243149e-01
4.561923786876104780e-01
8.387812922967793350e-01
-1.126686199652241260e+00
-7.441547499930893927e-01
-1.531537149076118265e+00
4.441730860604794495e-01
-7.129519210156471942e-01
1.242766493674679618e-01
1.107251718386263795e+00
-6.678277535444989699e-01
-7.795010767667962526e-01
-1.339073630022463046e+00
3.009733913526578264e-01
-1.039929735926645060e+00
4.064200151680401607e-01
1.949922117670784605e+00
-3.415033841971210071e-01
-2.445357822733873476e-01
-1.491883344512377807e+00
8.051162175038157898e-01
-9.938109355988468119e-01
1.661064297889359942e+00
9.094800960940326862e-01
-3.965301014247954448e-01
-5.484934801107682611e-01
-1.309396133017314723e+00
1.452467424450314404e-01
-1.055370694952121768e+00
1.869998321553594689e+00
5.596116774198938160e-01
-4.922754672900072070e-01
-6.871052655502192241e-01
-1.090787691663124281e+00
-3.220226951631420254e-01
-6.399070808862518112e-01
2.334328909105590100e+00
6.140724457591938412e-01
-3.403356028979029335e-01
-6.567876034756249259e-01
-8.009218796350062730e-01
-8.249173617334957243e-01
-1.064186280614985769e+00
2.884856811450420722e+00
1.439565054783487064e-02
-7.729434394045079371e-01
-2.882140830738323944e-01
-1.498674983255133375e+00
-2.418129181729224975e-01
-9.159222259201689198e-01
2.760044954109952542e+00
-5.854261746286878454e-01
-7.398279299254053587e-01
-2.194423120086446966e-01
-1.466811070126823324e+00
1.130206698522318032e-01
-4.529673772138053112e-01
2.842834538809812628e+00
-1.016290630254352845e+00
-7.872064005023706734e-01
-5.465059789569393089e-01
-1.896437362973428575e+00
4.839655255566935876e-01
-9.889796920746166120e-02
2.597496338388869841e+00
-5.851629671676876754e-01
2.838447825743978248e-01
-8.088378223729835170e-01
-1.608728679577194454e+00
7.208839500753816409e-01
-2.697494528631520505e-01
1.835505227634046443e+00
6.875081567955954043e-02
8.429768496852599879e-01
-9.122095881782369409e-01
-1.338986348766472156e+00
5.363974310756012276e-01
-4.128019791717033038e-01
2.212766505782406412e+00
1.051096469317772897e+00
4.140841693815468516e-01
-7.624083479087352400e-01
-1.145316343172323448e+00
7.787110310419242953e-01
-3.731014473541931498e-01
1.918100985613798048e+00
7.450941255961807119e-01
5.644970986936670432e-01
-1.025525511694246772e+00
-7.486251646231413259e-01
7.556539486850004650e-01
1.918309063716664153e-01
1.833924741045984907e+00
4.077467889081645147e-01
8.886315975152092594e-01
-1.170324784967156084e+00
-4.465040897649591445e-01
-6.234992738986089300e-02
-1.945829343065419437e-01
1.154807698957494910e+00
2.343025119244957488e-01
1.117719072210385578e+00
-6.733761446726784783e-01
6.571667372404004226e-01
-6.412102657208971213e-01
-4.474955374154424015e-01
1.425911710575587632e+00
2.088545027620695715e-01
6.730502101799576975e-01
-7.954967190335955340e-01
6.866937598484401661e-01
-1.201294897751068180e-01
-6.090747225486790040e-01
1.367577309283240616e+00
8.382263414295640924e-01
4.204217040539228734e-01
-3.157645205591146920e-01
1.030946237166488810e+00
-2.453075917290785946e-01
9.453303683335989582e-02
7.899930929106137034e-01
9.285470796855330722e-01
1.234313797296990867e-01
2.698422943844089872e-01
1.308496178781818120e+00
-3.509460166004779169e-01
-5.901944750829054565e-01
2.929608078008623662e-01
5.173502464480186358e-01
-2.717636647527045257e-01
1.976547223776000672e-01
1.541996632673183765e+00
-9.074110267198106650e-01
-7.260751133361719178e-01
1.848857660099769151e-01
7.527585451353541179e-01
-4.967224805981367286e-01
-3.753707531515237950e-01
1.758673059160350327e+00
-1.018932345399274020e+00
2.902351250561561735e-01
-5.546518804873963315e-01
1.354558211905044995e+00
-7.116056020695362694e-01
-1.687661206924378210e-01
1.619299886231262864e+00
-7.655613924826083494e-01
8.542048472931772496e-01
-8.547233102909219671e-01
1.119041855616437875e+00
-9.130057795083698080e-01
-3.856779841257760300e-01
2.186246874848260635e+00
-3.925900384878386884e-01
1.345072992012663615e+00
-7.185606937403810068e-01
1.034782986953206141e+00
-1.175597716780042212e+00
2.469974104482537403e-01
2.632946737718558694e+00
-8.357087623061155712e-01
1.424316260145187751e+00
-2.567368598505306299e-01
1.654930007577912754e+00
-9.757069034716414624e-01
4.639540852282757477e-01
2.383677164877684440e+00
-1.647994246564139953e+00
1.429985226416981448e+00
4.287015510888613767e-01
8.913187807524812767e-01
-1.228252813302104229e+00
3.386333150659595059e-01
1.479799944349383001e+00
-1.576866421267431928e+00
1.843740889242601932e+00
3.602096812483507882e-01
3.519936207512812110e-01
-7.533544493444979118e-01
-2.473824135318125617e-02
1.364562813080268056e+00
-1.049095010106733561e+00
2.062391930932300887e+00
2.690645719848402395e-01
3.779044380843105122e-01
-5.459566868022316388e-01
5.561991826389012239e-02
6.054522080921759253e-01
-1.445334595450921356e+00
1.868836970950076282e+00
7.052739216610336426e-01
4.317421461591955945e-01
-3.275573828864332127e-01
5.283228514736260095e-01
1.100231799374609576e+00
-2.129945885955840890e+00
1.986639205364625571e+00
-4.321619981697555346e-01
2.827826489538916577e-01
3.120435298500138788e-01
8.306734013950102247e-01
9.801007447763175895e-01
-2.107854320177589891e+00
2.461671028520891369e+00
-5.256586793477843189e-01
3.657392782506077022e-01
1.652091256399249863e-01
3.051598338594803117e-01
6.388782445218796902e-01
-2.114048091890785130e+00
1.980126822918319540e+00
7.405601757874530344e-02
3.681113561384614652e-01
2.016150741368497590e-01
2.993082456917968148e-01
1.308321209914089289e+00
-1.782243432067867950e+00
1.569787428461591361e+00
3.684989936711027814e-01
-4.929304160268991875e-01
1.997741883988068956e-02
4.362071276882859561e-01
8.509138757712044754e-01
-1.513475770784408425e+00
1.578432162138198702e+00
8.106148902219196817e-01
-5.919594785785080582e-01
3.244393408978205051e-01
5.671650919780076849e-01
1.680562568668807488e+00
-2.431529402602945478e-01
1.770725061155127067e+00
3.333237257476224236e-01
-1.040521971823929359e+00
2.262830190389754914e-01
5.968195789565202691e-01
6.438498555450824501e-01
1.691223475049823399e-01
1.884168523691396535e+00
3.070476161592939346e-01
-1.206215774720386102e+00
2.811469205630068857e-01
4.688673210167496053e-01
6.396094644283584207e-01
-5.814152918638539891e-01
1.206423415544740863e+00
9.669127018277282604e-01
-2.413107849709109076e-01
1.159082221177423211e+00
6.816571774833031228e-01
7.474929083336119273e-01
-4.380217603042942387e-01
6.326162801769864563e-01
1.526850228050052660e+00
4.588034598306819367e-01
1.004705427143358865e+00
3.763751120296365271e-01
8.749410609380593451e-01
-1.722108627160784389e-01
8.318405124339816048e-01
1.522530890888408095e+00
3.275218169203072405e-01
2.466542055061147209e-01
-5.523418082849290700e-02
1.113528663159931043e+00
8.277294753396835514e-03
1.643744699019342059e+00
1.350261636002289656e+00
-4.354759824367202548e-01
-1.359786443484873042e-01
-1.520225918766915374e-02
1.442211196225697822e+00
-5.238247913688751645e-01
1.357589561939303691e+00
1.083697861105242799e+00
-4.753389760786534968e-01
-5.274532033231235650e-02
-3.860955812006290344e-01
8.330691317092474568e-01
-7.838394276747597811e-01
4.457898865776703801e-01
2.037025458857007809e+00
-7.921082467019135986e-02
-4.827332277373788672e-01
-4.839176709052015468e-01
1.258962802660427815e+00
-7.535514149133313300e-01
5.238014231621824779e-01
1.496179916623138428e+00
-5.521046101699089714e-01
-1.980905939983558239e-01
-8.381001959099609877e-01
2.772318742377493095e-01
-9.669393201716242059e-02
5.095859534839790594e-01
8.990481249429177479e-01
1.308841672125024003e-01
-5.353375502211440429e-01
-2.814498176868751589e-02
8.518787569349384192e-02
4.102884405596494144e-01
2.819150588498401389e-01
4.505899349191971881e-01
4.551952994575247935e-02
-4.528616244062850238e-01
6.165545576034082709e-01
-8.235380960031606357e-01
1.094917583462291510e+00
9.325348356840925668e-01
1.320745906805341985e+00
-1.809745722383628852e-01
2.473441445289649709e-01
3.803328583543763575e-02
-9.227763646619300264e-01
6.240071826367160623e-01
1.571389027054823639e+00
9.882260753176053125e-01
-8.513650468928946058e-02
6.129171205826736690e-01
-4.947468666906827961e-01
-1.342024145325059870e+00
1.906451592031450093e-01
6.742453965758854473e-01
8.990422724154233380e-01
-7.144734911048629122e-01
1.169320828474867291e+00
3.195420180749086736e-02
-1.197469263806776985e+00
-1.379405669925561906e-01
6.410837208218036487e-01
1.026752095574461565e+00
-7.623101113716928001e-01
6.894575463767386170e-01
2.429378998218763019e-01
-1.305905960676022826e+00
-2.624509712914089299e-01
3.627828800411786458e-01
1.324541702543046373e+00
-9.662761617875137432e-01
1.192205615803130891e+00
3.998237724849250663e-01
-1.340575187534168267e+00
4.186222589879972089e-01
-2.291147562554447514e-01
5.768548977663938704e-01
1.713478662720223644e-01
1.150234417046866575e+00
3.055392716170172163e-01
-1.006056225847776542e+00
9.608481365473733327e-01
-3.591319336621323632e-01
-1.680483580532156074e-01
6.503755773146756569e-01
7.901535599009817945e-01
1.394495489339098726e-01
-8.702744312414893990e-01
8.223747539168699827e-01
-1.671080821527432259e-01
3.669571890720570995e-01
-1.634067638051652505e-01
9.644034960283387470e-01
-1.524060097617966347e-01
-1.265128580800818914e-01
8.264498409390450551e-01
5.373435384986833263e-01
3.191560564478918005e-01
-2.721889033077141695e-01
-3.155928123546513087e-01
-1.603131686559898239e-01
-3.238047105662523184e-01
9.856000757228986497e-01
1.003091642470747835e-01
-4.662997641728534592e-01
-6.095349955874774794e-01
-7.263438508339714605e-01
-3.912052231334557928e-01
-7.912302440810591309e-01
9.038627157876601981e-01
1.096250965376341036e+00
-1.742870531372522347e-01
4.573270739926732498e-02
1.939667718766094340e-02
-6.664137793452016290e-01
-1.016723493576243254e+00
1.094520567368100217e+00
1.257564425835207889e+00
-1.691022364367469333e-01
-4.587040365509520434e-02
-5.055502310651465159e-01
-8.384038578743724379e-01
-7.862565856828143129e-01
9.085056410630102386e-01
1.270751740299884691e+00
-7.380595316623155266e-01
-3.553447388833190224e-01
-5.524437615662415313e-01
-3.973847416052944670e-01
-1.083841378342452977e+00
1.994163323065804849e-01
1.300961491937318470e+00
-5.510850549254620034e-01
-1.163043804565636052e-01
-3.925336880460516542e-01
1.559278883691561646e-02
-5.603650296154154553e-01
3.891687051711282264e-01
1.823778464238606345e+00
2.359717764651381167e-01
-3.790405291491416029e-01
-5.218676346214279338e-01
-1.584524721590908347e-01
-7.776433252162248677e-03
3.127357620558726681e-01
1.012089237015677989e+00
6.274925573010735613e-01
-6.807225763300743804e-01
-1.287711976696380434e-01
7.609532568247347195e-02
-6.813726564100957006e-01
2.661268916641311155e-01
9.903163034757281880e-01
7.238219900902898019e-01
-7.354735127259121041e-01
8.315114762753577082e-01
-1.661004957127959758e-01
-3.664783499024635849e-01
2.592828867855223596e-02
1.214353064658545867e+00
7.471875825888738554e-01
-1.060609607126434151e+00
7.575918314581751023e-01
-2.790195071012470107e-01
-1.201873501003799527e-01
-7.133564581808021776e-02
1.013395818726859243e+00
1.723155922027780618e-01
-3.971040466601413743e-01
8.313210233273206073e-01
-7.682881468662793312e-01
-2.614131923542853952e-01
-3.938911223813659768e-02
1.804604460039370695e+00
-2.324923397743658970e-01
-5.209104350887523438e-01
6.572539062430227119e-01
-1.194402081415237848e+00
-5.414111940365373687e-01
-4.797902072804659523e-01
1.503358151466564596e+00
-5.267999017220255098e-01
-7.411100043480168820e-01
7.072366965469248923e-01
-1.184677979537485992e+00
-1.066123691357672154e+00
-2.988857289259889694e-01
1.138669594782026229e+00
-1.085922411764927098e+00
4.843288640825596514e-01
4.830752684830916799e-01
-1.490431164250365148e+00
-7.329372190608676174e-01
-3.340436699404081278e-02
-2.560623271535028556e-02
-1.223979364441806883e+00
3.487777537020963492e-01
4.176891157625014506e-01
-1.116159449366236567e+00
-8.502298393005820465e-01
7.091701506933122401e-01
1.064608370493129730e-01
-1.838142870345996549e+00
4.270995113008752009e-01
4.840052015924835582e-01
-5.928526864891636716e-01
-4.354208039071418290e-01
9.831782205705486000e-01
4.526817205716029413e-01
-1.449528594377105684e+00
3.300423817210257349e-01
5.880103724378065166e-01
-8.884790577221063357e-01
-8.693425266219375613e-01
1.420611069366238155e+00
4.137408494445660168e-01
-1.319859457076756559e+00
-4.160856383881000875e-02
4.435487967680806776e-01
-1.008060266868142429e+00
-7.221257009312911368e-01
1.711452901016191852e+00
5.478707779303488845e-01
-1.278617051540697158e+00
-5.200679622056079143e-01
9.440001386129216465e-01
-1.560219385851482121e+00
-5.898436423310693399e-01
1.018260164975069326e+00
6.545434513973027446e-01
-1.397560965987171944e+00
3.368714356395630105e-02
9.195756515484714289e-01
-1.096446762747818715e+00
8.302616710124197663e-01
1.366836437512042313e+00
4.119956127369316379e-01
-1.296221723936141101e+00
-1.039978918306451394e+00
4.437316681462606938e-01
-2.573634573160947236e-01
8.604932050011542266e-01
8.679763610933861617e-01
5.284513553493396243e-01
-1.392189177557125790e+00
-8.158186861098477571e-01
6.920972145517780838e-01
-5.816660420978389534e-02
4.837056050671985630e-01
1.005472223255906350e+00
-9.005233282380986637e-02
-9.993740965838773249e-01
-5.764908347622816898e-01
1.427865386996648001e+00
-2.960925205876526189e-01
-3.103517234163292171e-01
9.517364824469415341e-01
4.608365910466779569e-01
-1.484146335683019347e+00
-5.672783872974480612e-01
1.338936506736315035e+00
-1.497609684869701530e-01
-8.720472249548684163e-01
4.164239220630679972e-01
7.590421219590041124e-01
-1.138788160460019405e+00
9.398506378245902182e-02
7.103887386542993010e-01
-4.300042190684615351e-01
-7.020497795507933958e-01
-2.297895402626993211e-01
1.334935971897720730e+00
-1.333857950895505295e+00
-3.698829149127712546e-01
3.764206027447814518e-01
4.649545552957601302e-02
-8.110409562186515764e-02
-6.254634340425346828e-01
9.035957581643496717e-01
-1.315829567641216613e+00
-8.252406545472554811e-01
5.800918336803984054e-01
3.972354797182510722e-01
-2.581504756571640913e-01
-8.552752904523984734e-01
4.191273686114945773e-01
-2.048518313839422067e+00
-1.105997034777715715e+00
8.646724173488706811e-02
6.797742149478906981e-01
1.506622644166133451e-02
-9.408781803682164657e-02
5.570090151944065981e-01
-2.001222057997818826e+00
-7.436951457096701024e-01
2.797811861475136830e-01
1.026862336455621527e+00
8.619655843945462914e-01
-4.819960253997237487e-01
2.968575024989604794e-01
-2.800922549826565078e+00
-1.257034952136775630e+00
2.902643431734441837e-02
1.000945538942232593e+00
1.145837491834545308e+00
-5.993777310674375247e-02
3.960081775129542514e-01
-2.553073058459002898e+00
-1.249524783829081720e+00
2.670351442662871611e-01
1.552676225098562846e+00
7.920838104839417193e-01
3.828771271303770263e-01
-4.547434715729281596e-02
-2.642030837268784627e+00
-8.611602231743415992e-01
9.153974431480056406e-01
1.316810183373029464e+00
4.724961354600885066e-01
-2.474425659520890219e-02
2.636902816480906631e-01
-2.693269602310733202e+00
-1.045250298522345300e+00
2.152941655971671864e-01
1.177814075254759896e+00
-4.178580661146269470e-02
-3.764551252764785083e-01
1.350356925769302663e-02
-2.666102711428732341e+00
-8.591964823589894884e-01
-7.633797856695950790e-02
1.215927929988107614e+00
-1.323274490993548547e+00
-5.726056886081821728e-01
1.933781336388964989e-02
-2.612336838756146751e+00
-1.019095010158734826e+00
-1.093146522594336534e-01
8.656246659645788766e-01
-1.720072600884908098e+00
-1.015340899088932602e-01
8.492850763881067966e-01
-2.399449619875615447e+00
-9.344259417647248211e-01
-3.019514847549353842e-01
1.215238426843741948e+00
-1.719208395620885454e+00
-9.319001208999487806e-01
8.370000136133211033e-01
-1.803109326799140932e+00
-1.056032976605619123e+00
1.089350852211978804e-02
1.569124711854476661e+00
-1.664546653083276873e+00
-9.347195345371374087e-01
1.028498337962783227e+00
-1.258263331363954185e+00
-6.194535532054478155e-01
-1.511506834314964576e-01
1.651975235819363563e+00
-1.030945306956313035e+00
-8.315381754135802161e-01
1.157494017033294575e+00
-1.008265616310166424e+00
-4.389929958596087700e-01
-3.927786935701778059e-01
1.199743210644162117e+00
-1.037366514502571224e+00
-3.576504942851645996e-01
4.766301894939822814e-01
-1.203109439668202496e+00
-4.192691825161073971e-01
-4.684576782044810317e-01
4.016292297575952963e-01
-1.154859029022297090e+00
-8.514097113702500108e-01
4.423066808627807989e-01
-1.300936465669399578e+00
9.965075904291670339e-02
-1.258713945849982419e-01
1.112134794530300619e+00
-8.282305000776037929e-01
-1.332645061928534602e+00
6.716670942147746626e-01
-1.842554042441111095e+00
1.904353803810230339e-01
-5.010767904012579654e-01
7.171075098275705439e-01
-9.917630478898972202e-01
-1.329551726829739433e+00
1.276115869246971624e+00
-1.457549356690340359e+00
-1.016020112591661806e-02
-4.363177132294044913e-01
9.313658797508049814e-01
-1.755068982022768731e+00
-1.178855561002870811e+00
2.270882736463651907e-01
-4.934647255302708757e-01
-4.694390725395521935e-01
6.240282764983662300e-01
1.097091645772534818e+00
-1.911018310182441615e+00
-2.349034819267430962e-01
2.180954000693270389e-01
-5.446026846564989699e-01
-6.699138911590923895e-01
3.910444872553881512e-01
8.368176239797109339e-01
-1.844112943121122727e+00
-5.369377799928678474e-01
-1.976517311576839742e-01
-6.540938620282709115e-01
-1.427138194173956265e+00
8.517343224025569759e-02
5.299096182973099811e-01
-1.905599612749092620e+00
-2.531691146700769668e-01
-6.634038454530790663e-01
1.114140478745245799e-01
-7.694088865729427074e-01
5.503084472088873857e-01
7.474773844780457921e-01
-1.509022373852876298e+00
-2.671810687753986557e-01
-1.233353004315457024e+00
5.225376979463547400e-02
-1.173880568064957997e+00
1.048124777746941572e+00
9.166849794916366312e-01
-1.148343654499013766e+00
-4.694380958154852346e-01
-1.432152486573789796e+00
5.176866945659587271e-01
-9.804664047183380138e-01
6.276106358921957895e-01
8.607136515221740503e-01
-1.257234921678583639e+00
-2.928568282092173236e-01
-1.790564787104000688e+00
-1.011922537634798447e-01
-9.171351199581545544e-01
5.634225630025574416e-01
8.241286910860049497e-01
-1.484277933114233949e+00
7.829012065006235588e-02
-9.920216120551887951e-01
-4.505709521689297281e-01
-8.269009975832013470e-01
9.380445598444037136e-02
4.738405977146736836e-01
-1.791050300095211156e+00
-2.428241678990387120e-01
-1.153868793710630003e+00
-6.628878995426936704e-01
-1.417318231182212562e+00
-1.490261234236380239e-01
3.385928178355717133e-01
-8.670629338368549544e-01
7.619493162525675656e-02
-8.873173721555774884e-01
-7.442812299115215691e-01
-1.405193267958267711e+00
-1.089904082794062035e-01
6.435733295693715217e-01
-1.578908229398369167e-01
-7.285687202416513131e-01
-1.079407132176040562e+00
-9.890053595976378009e-01
-1.164276705815805890e+00
-6.510453750109096438e-02
5.169657721462325162e-01
-1.148446177938844959e-01
-6.515169631762701696e-01
-5.957148148327492398e-01
-4.724406483391437872e-01
-1.632584461570296686e+00
-6.274770116063610459e-01
-4.217862980648929838e-01
-7.034602570545980260e-01
-6.775105269885066672e-01
-8.783440272244922298e-01
-4.966534165800592371e-01
-6.828740167110096682e-01
-4.992816154327974210e-01
-5.263393428897097381e-01
-6.695400124786403673e-01
-1.207186012373881567e+00
-9.766021145769083756e-01
-1.193584678827382950e+00
-6.361620499899958148e-01
-4.115785014585210400e-01
-8.966637724283682553e-01
-1.477360393766947499e+00
-7.364253850732920270e-01
-5.010023693244777254e-01
-3.723346071518151001e-01
-7.781049948295688523e-01
-7.265901648998103202e-01
-1.079090599968447473e+00
-1.541259153939053217e+00
-6.386674661489029070e-01
-5.694737064797155135e-01
5.366183101099765151e-01
-8.211825934932890370e-01
-2.459613643429433283e-01
-1.007305932820318439e+00
-7.263286226165952542e-01
-4.362834338778295851e-01
-5.146366677681620816e-01
4.262469271410997962e-01
-1.240182848828896844e+00
3.835472645758610244e-01
-1.724793699069018471e+00
-6.315936580001481060e-01
-6.710738865043079926e-01
-3.721355065212027524e-01
5.130416524414407320e-01
-8.394942050924203425e-01
2.630070601371059524e-01
-1.768922706355249952e+00
-6.061361156565547859e-01
-9.785320099007377426e-01
-7.511808290276840161e-01
8.988973353564976287e-01
-6.812519089261022120e-01
9.167835942511828318e-01
-1.643815400183795461e+00
-7.248171986304929870e-01
-1.193665505441409813e+00
-1.446232303101420591e+00
5.073869012090469477e-01
-9.899071918403966608e-01
4.859512708513874513e-01
-1.630797510728577482e+00
-7.598130772416520351e-01
-1.237082339599961056e+00
-1.574532435024450061e+00
3.923676476107140765e-01
-8.444781791676219118e-01
8.589030296871812409e-01
-1.525941095628768007e+00
-5.871969323230240567e-01
-1.592861849893470350e+00
-9.730483097723896524e-01
-3.209774942775894813e-02
-6.022691811972082920e-01
4.233476933446643775e-01
-1.936072980842192148e+00
-7.023672285957985317e-02
-1.109522781358820209e+00
-1.108558043362031675e+00
-3.226655582858662941e-01
9.880281567343185412e-02
1.110941137579059212e+00
-1.785999066687721681e+00
1.734767559053149166e-01
-1.267309996113334503e+00
-1.289357499606565094e+00
-2.148092049299047124e-01
-3.416970767550948640e-01
6.458432994011049644e-01
-1.286509642175249324e+00
-4.456043432193024234e-02
-1.278125572839096113e+00
-1.011607559597803352e+00
-2.117133059969708575e-01
-3.625424509034614884e-01
2.055595259246695283e-01
-1.161109689158456248e+00
1.011174063989599414e-01
-1.355327088042594497e+00
-1.794541309311088462e-01
2.504762045948520921e-01
-3.906878744651391955e-01
-1.417561209683426693e-02
-9.482946414773334443e-01
-1.099291095728613665e-01
-9.743524590724802481e-01
6.599554574807626750e-01
-5.043734396774941509e-01
-6.275277416308959744e-01
3.565537235925706483e-01
-1.081925769914670044e+00
-3.668186564734006172e-01
-7.488851506397461444e-01
8.145871957710905109e-01
-5.491098839706337609e-01
-1.487700131706793050e+00
-1.476509693565317693e-01
-7.849149487194643227e-01
-4.444333524876460939e-01
-4.124294387489366720e-01
3.119891079710681581e-01
-1.188519856705025468e+00
-1.270118629065797977e+00
-8.165221002972100628e-02
-1.269231954930612583e+00
-3.610870490634132679e-01
-6.001101768766780031e-01
1.367286689644173769e-01
-1.483484643580866624e+00
-5.175205555254586143e-01
-5.164305152770287677e-02
-8.295014768718231846e-01
-1.617949307165799100e-01
3.797702521181767210e-02
5.027516965293117313e-01
-1.818815558460865844e+00
-7.096492438512136403e-02
-4.533243212265454236e-01
-5.869073502335550585e-02
3.376320590159029300e-02
-5.356332701925692330e-02
4.771102007531599631e-01
-1.279563569073485452e+00
3.221831381303104092e-01
-6.945409874667252126e-01
3.766227931829747577e-01
-4.747885957075093089e-02
-6.313715492723648293e-01
1.296957518017833433e+00
-4.487777775483893783e-01
1.076029885715278578e+00
-1.411675969725353363e-01
-1.460575511722886910e-01
-2.068135931063211364e-01
-4.690627444499947951e-02
1.354645327938661215e+00
-3.080145426127305353e-01
9.988491298322765832e-01
-1.172957374486910398e-01
3.878969030933507867e-01
-1.024101216666631897e+00
-3.266824088672934390e-01
1.299404939592540886e+00
9.200940796574919034e-02
2.114374836104666033e-01
-5.031031086190501656e-01
5.968468761771521525e-01
-3.714837822180293569e-01
-6.128132406021636891e-01
7.555609521881163637e-01
2.029301934470323643e-01
6.701862373537779138e-01
-8.749788900767689892e-01
7.513738693834648430e-01
-5.533969981227715440e-01
-1.517506019509022863e+00
6.588350448840278872e-01
-5.372032964533381971e-01
8.231142225358899500e-01
-6.977268816527975037e-01
1.103249712546098271e+00
-3.019583531562231027e-01
-1.388119915575360075e+00
1.839184754453775383e-01
-7.565907299240522965e-01
3.435186165443830375e-01
-4.617763894634243638e-01
1.322314353582576540e+00
-2.213949682347939873e-01
-1.556447720322436723e+00
1.344199241576691239e-01
-3.502278060897845435e-01
1.376682323077798586e-01
2.850815001006344884e-01
8.833786375311063477e-01
-1.301701211447372497e-01
-1.755846676633399772e+00
2.972952680506424361e-02
-7.282454166055696287e-01
-1.495068947716843843e-01
8.514611558400864144e-02
6.604941777622480581e-02
-2.772178987793726401e-01
-1.559583609296903095e+00
-7.797549380664533514e-01
-8.385256936953009443e-01
-4.607201664845697597e-01
-8.105187807948555090e-02
5.783166131187581493e-01
2.790311709642818716e-01
-1.827743635083703300e+00
-1.122535647337745024e+00
-1.443104958163659246e+00
2.209457912144702219e-01
5.773982587826465007e-01
6.487319431785095736e-01
-2.696628998855699066e-02
-2.030753486415536102e+00
-8.161699376538712469e-01
-1.553770286004614753e+00
2.373159010794575752e-01
1.763765257848664836e-01
-7.918657482467212905e-01
-5.550272792949606515e-02
-2.094335454812285224e+00
-6.781013831866080643e-01
-6.243659955717613119e-01
5.856660345683575297e-01
-5.723705899552411491e-02
-9.407211903128045449e-01
4.944652723654929805e-02
-2.044245184694552186e+00
-7.170377467435358199e-01
-5.387514646863375001e-01
4.076956658570899394e-01
2.556774922395532723e-03
-1.138402358085075949e+00
-2.533428439292413903e-01
-1.979272317627807531e+00
-1.008367461652879271e+00
-5.854612321257247620e-01
-2.875148294229878942e-01
7.688834151889644142e-01
-1.418283920305665857e+00
9.810484392584917224e-03
-2.036451554277712184e+00
-1.750732157523414045e+00
-7.013474366302184793e-01
-4.793958752592609729e-01
4.940619522257767571e-01
-1.901515527573031550e+00
-3.376494993864628258e-01
-1.973201334080499691e+00
-2.115153786674917047e+00
1.235681202071118312e-01
-1.629120688258574312e-01
4.647292609404964914e-01
-1.390122522952969231e+00
-7.558754330690120593e-01
-1.195548989817107444e+00
-1.681835796250870985e+00
-5.750752359757638210e-02
4.244641662090831158e-01
4.012409388088851170e-01
-1.168479908556433911e+00
-5.944212435994924437e-01
-1.997570142428095608e+00
-1.940210562688959861e+00
3.543537122374973425e-02
6.298337859368990932e-01
6.339430563330508139e-01
-1.979705721539758656e+00
-1.030556198887070840e+00
-1.911754272962554069e+00
-1.461274687527162497e+00
-5.389783885901590077e-01
2.148604877647762867e-01
-4.213561523770525952e-02
-2.208006129086725444e+00
-5.098560058241223825e-01
-1.938290479310623926e+00
-1.655426940011548886e+00
-4.647699292341951338e-01
-2.333809009667724421e-01
-3.502866234681476509e-01
-2.240141746417098734e+00
-6.580573974243988378e-01
-1.900769559451758184e+00
-1.967387819587729680e+00
-4.147988922874579210e-02
-2.133928250999650722e-01
3.047577586129899263e-01
-1.915319191092174078e+00
-1.073004207839185487e-01
-1.114692380804103378e+00
-2.598889589089188767e+00
-9.632029393549912388e-02
-1.489396606355397890e-01
4.681486225406572554e-01
-1.177781568740295270e+00
7.993639433795283189e-01
-1.707193568006382112e-01
-2.292190191739213567e+00
1.874926155431890784e-01
-1.002511372071376305e+00
9.647964082089548477e-01
-1.176039151540131389e+00
1.100961785372735147e+00
-2.507636845746585852e-02
-2.234567574923999267e+00
2.396226922691971906e-01
-8.923813324000474667e-01
7.173923105897634933e-01
-1.339200850318143399e+00
6.333782770489080338e-01
8.817686348511766248e-03
-1.952829372378390049e+00
1.905787535442782232e-01
-1.045270000020279921e+00
6.913314704209462258e-01
-1.739061372893026647e+00
6.487409458025212849e-01
-2.498774277944010302e-03
-1.395896789754168310e+00
-2.405566791101659829e-01
-3.908852135710753073e-01
1.044885714765747320e+00
-1.838038065472833882e+00
8.409558251983377808e-01
4.135432218813300809e-01
-8.128757083719198029e-01
-2.434554344326301245e-01
-1.166413667081793171e-01
1.175968921084473706e+00
-5.897105366387871417e-01
6.579855751999249547e-01
4.074048252700186445e-01
-1.289590431936117776e+00
3.121961390858591923e-01
-6.552435123229087832e-01
1.009531082848631467e+00
-9.150861813747854789e-01
4.162273380211302665e-01
3.578724322896371657e-01
-7.456426396767534825e-01
4.868801518794864669e-01
-1.217274602562095742e+00
9.388965195800815788e-01
-7.664211665873653656e-01
5.619902858052877592e-01
1.332055094859561306e+00
-8.111404909447468281e-01
1.275409445538794539e+00
-1.133310746896464272e+00
1.004012695787008358e+00
-1.372217146437891166e+00
8.521184587978747338e-01
9.339938843518175160e-01
-1.453422687077219333e-01
8.687791166954768052e-01
-1.440841749190906906e+00
1.088964999986733240e+00
-8.177429807535737671e-01
1.669370617551570457e-01
1.050691836332243945e+00
-5.393627754159895371e-01
1.106414313403930150e+00
-1.036252732814738398e+00
9.598919014323924470e-01
-6.725394826101641632e-01
-9.376227061273745278e-02
1.313903405553145776e+00
1.345561562934490807e-01
5.724916532809534164e-01
-1.036359987116680648e+00
1.187776340897884753e+00
-1.020490516844199114e+00
-4.930072965290744902e-01
1.429129460781625172e+00
1.069286404431072590e+00
-1.913684019580945694e-01
-3.966805412103120432e-01
1.091712383408180109e+00
-1.229464232962074854e+00
-6.835274490142235759e-01
1.154001351066684888e+00
2.702638835865489586e-02
3.163148395585935191e-02
-5.028716614242312311e-01
6.467538427204653217e-01
-1.539012517573186578e+00
-8.112117945520002094e-01
1.390966567170847767e+00
-6.140680821749188167e-01
1.267350244472081888e-01
2.037432061370799130e-01
6.155463145988852025e-01
-1.429782968856053049e+00
-4.971135556887865681e-01
1.280165825750297692e+00
-3.113706333112650215e-01
1.812878183730451287e+00
9.393684883629747073e-01
2.132245037351154227e-01
-1.463052554720586373e+00
-2.007697936793654270e-01
