3.171869294522826621e-01
5.003567029518828368e-01
6.722946065882868805e-01
5.765175496792470655e-01
8.624368212005191214e-01
2.907675268047960060e-01
8.652215104529404899e-01
6.218863852685766469e-01
1.473913769885737413e-02
2.361234933125914148e-01
7.708363505240589664e-02
1.502754704624619242e-01
8.985477946164133201e-01
7.465993282703294875e-01
3.511587733389439636e-01
5.870318433459513763e-01
9.127914050305360183e-01
2.964109116245160491e-01
2.170369456245492268e-01
6.062123684577276350e-01
5.031187161209138559e-01
6.019210938169654579e-01
6.642775301663624843e-01
7.990794110662078342e-01
8.758383488969856412e-01
3.371761924218555917e-01
5.968091773525396881e-01
6.260348508665769529e-02
4.364962041040723051e-01
1.834327090293682572e-01
3.888187877986071239e-02
8.979944581489426314e-01
1.683702686405830207e-04
4.774850711457221397e-01
9.627994699837771897e-01
9.282185947986143493e-02
6.688041358526273239e-01
1.671548214976164015e-01
3.070706705100149092e-01
7.356355622316915754e-01
9.979176282091669625e-01
5.850572998829868254e-01
6.062505550590536751e-01
5.961366426797926055e-01
1.431597711238060677e-01
2.212223514239369804e-01
8.694638022270357869e-01
3.832782924430764293e-01
6.272681996449760433e-01
2.272767946050132659e-01
7.367349443347133153e-01
7.658569582838252732e-01
6.873499803629913307e-01
2.929581531495429880e-01
2.119205286945126110e-01
1.893209317774503520e-01
2.993836488854836331e-01
1.436260724736577732e-01
7.333425627003450353e-01
4.960718589715072957e-01
3.987569719713779381e-02
1.083597489513157264e-01
4.873831999506690327e-01
2.180945168667997036e-01
9.840338477566431541e-01
6.061353934829070145e-01
5.419679072506646822e-01
4.196079024449254069e-01
6.275364430693185502e-01
3.495968296727740565e-01
5.266059370866542633e-01
3.480762265783066134e-01
3.118587076971084393e-01
1.888962682996661036e-01
3.393686888427215331e-01
6.818939248933906239e-01
5.194445309095869767e-01
3.443191541691540403e-01
3.789364900331365638e-01
8.902507351487740639e-01
9.348251979888185792e-01
6.920818158641683926e-01
5.352547567944544449e-01
2.268959458413333241e-02
3.093865527284678230e-02
5.104907186549534348e-01
2.258847298700411566e-01
2.811866250742368623e-01
9.380658243284503151e-01
4.192295925141994450e-01
1.588286092424762153e-01
8.502079317956248161e-01
8.118440714854253670e-01
1.929935147693935260e-01
7.766153502018529053e-01
2.062408059090770074e-01
7.758876020694048803e-01
2.565973685050854103e-01
2.580538832256339399e-01
6.217112140415408383e-01
2.730564105939421449e-01
2.115457621065590654e-01
6.620054202708186564e-01
3.029926582094129017e-01
7.057144005491002847e-01
3.775058252674123871e-02
3.136199124821487105e-01
2.587499237747438174e-01
7.327506751940235930e-01
5.788791339588706952e-01
8.452076369197126793e-01
9.823231462957032756e-01
4.119919970456460412e-01
7.479941957024646149e-01
7.619653467677136582e-01
2.185200902620588748e-01
1.842598510403995471e-01
8.677522585409337408e-01
3.210749542199686779e-02
1.409418693388698740e-01
5.853153524815675190e-01
6.346734196555261498e-01
2.181305601919936166e-01
8.845803096584269332e-01
3.822647854203929940e-01
2.146672697115215023e-02
7.420273702800332938e-01
3.507881872945819435e-01
2.495269676185728480e-01
7.541818560648896330e-01
7.319720488357328581e-02
5.981513528468196395e-02
4.206975233713431406e-01
7.670507982273903069e-01
7.713868037802656952e-01
8.040292730703375579e-01
6.051310119623221073e-01
9.952210038162034866e-01
9.329715105001130659e-01
7.354724815040386554e-01
3.669752934167203051e-02
4.351542132526379225e-01
4.116975922254633158e-01
9.944429172101925118e-01
2.893098029805402094e-01
9.345128153636654833e-01
9.761415518928528989e-01
1.931343385409896030e-01
6.208052416840947885e-02
8.065556576165894276e-01
8.680733701352053577e-01
1.225754837576009670e-02
8.560111640478014206e-01
2.167164603245372856e-01
7.101462873023203226e-01
3.897620840527019626e-01
2.812416925110932109e-01
3.092944391523242409e-01
9.521583947263108083e-01
6.206749354162004462e-01
8.184690018475955231e-01
2.843281949369778072e-01
5.241301975867573848e-02
5.465910709994840078e-01
2.697135738749071310e-01
7.761663160711249621e-01
9.223812275607717881e-01
8.603701830903820458e-02
7.041499563669715300e-01
1.263447304614879751e-01
6.321788987450761566e-01
6.905021933774551091e-01
5.118359875090010558e-01
7.969320644955952826e-01
7.991194333285243090e-01
9.732698345202629442e-01
7.768115046239200128e-01
7.645023156559115352e-01
7.922559980434781268e-01
9.484174252880783751e-02
7.713089279608356108e-01
2.804865703872102545e-01
6.459295013024892729e-01
6.614745085421575022e-01
3.471542788179921013e-01
7.142522831179992648e-01
5.325291044212583369e-01
8.865858259500213334e-01
3.828863606814471021e-01
5.406683332512796092e-01
7.780804294119154640e-01
4.368988337499301045e-01
5.082828020432961225e-01
5.326607126538276393e-01
4.547116522838204888e-01
2.985145084758835665e-01
5.658804870590316005e-01
7.248627528716905521e-01
7.490428091845513503e-02
8.430919163319432474e-01
3.186343256429418069e-01
2.668111616835014965e-01
9.639088574134088150e-01
3.135323977911587123e-01
8.382338055089952888e-01
6.850898929231608037e-02
1.634600069502443187e-01
8.212949271511422733e-01
5.645728477322333738e-01
6.138262224792071509e-01
2.181814267001448426e-01
7.532827947070486196e-02
2.102801666878337805e-01
5.488875368316377124e-01
8.597344656782990313e-01
1.715224783105795403e-01
2.491920798354854139e-01
6.366431299943327016e-01
1.459621461898452655e-02
6.028574764582873557e-01
3.936424992199928363e-01
1.426471137300745484e-01
3.061265644574011624e-01
1.502534583367820531e-02
9.961021956910320885e-02
9.243926881619870528e-01
1.506661079281260696e-01
7.146225572530905401e-01
9.013713033835766275e-01
1.335176747073039127e-01
2.052839653331559600e-01
4.632453162111551670e-01
2.629755764409880125e-02
2.032734420911112005e-01
8.099076433811949194e-01
7.030950678887862848e-01
4.070920453241908543e-01
9.054099014602423612e-02
9.317525538896417325e-01
4.275640886118300399e-01
2.659431169252708393e-01
4.391648115494151128e-01
7.004082181732163015e-01
5.199741711888845597e-01
2.970369144821477514e-01
6.051506370563093373e-01
8.873514486114840727e-01
7.817214505288876403e-01
7.260216010256882457e-01
1.173266380985028556e-01
5.650594669315973650e-01
8.921773648430044723e-01
4.785709384738554562e-01
5.026640910316529931e-01
9.748878495090451679e-01
4.253064959739518702e-01
5.250697673440567481e-01
3.117829030274120727e-01
5.827664410490018820e-01
3.530486953682773210e-01
7.838210168165892222e-01
9.662043668120537943e-01
1.200612231837346888e-01
3.038153731304296112e-01
5.011800045626834121e-01
4.899818578982777506e-01
5.718280815264920047e-01
8.744897350949507597e-01
6.099114873560557148e-01
2.944593892186478934e-01
9.936526073032035944e-01
3.762108571849309691e-02
8.150969548478641524e-01
1.365553477203274024e-01
4.294058126438736744e-01
4.715819868431145867e-01
9.193468376453620694e-01
2.710138191686339848e-02
6.047835745797255358e-01
4.919728248994333919e-01
5.139305593722998111e-02
5.642302400735813572e-01
1.796560640559019539e-01
7.287668623628010822e-01
5.830961817403292891e-01
3.516288402152859538e-01
7.507190521864591792e-01
5.233538308052051446e-01
8.709750880142433926e-01
3.986837454782646839e-01
9.807270176914889559e-01
8.416070617161027778e-01
3.202530745269362988e-01
3.618659631748053496e-01
9.316126368629660259e-01
9.781513413573323934e-01
2.039776638461296976e-01
1.076798463942351125e-01
4.105625107678492203e-01
1.854368294805375239e-01
1.086592029905675272e-02
7.292654862390525183e-01
3.065752699510256862e-01
7.466738858016728209e-01
9.203142817125077313e-01
3.225655565109574185e-01
4.153584707907145290e-01
2.689480757455243731e-01
2.270911736950199655e-01
4.507410621320241395e-01
9.728281361882089584e-01
4.839447583886747895e-01
5.954967702580735711e-01
3.795593290750045590e-01
8.803059068974815604e-01
6.119332204511097606e-01
7.624467895254944949e-01
3.826117424445876214e-01
8.509404357610339531e-01
3.183890677863806529e-01
5.043803556749620887e-01
7.774315341786083300e-01
2.500754654442017832e-01
8.434493102545226328e-02
5.233422124260158625e-01
9.469691035678898805e-01
5.446585220243697067e-01
9.229302633125594513e-01
4.865918160261042402e-01
6.359583594134197160e-01
8.467607967927626156e-01
4.338547582046832218e-01
5.586819167026535471e-01
2.212656222506718118e-01
3.275837101598054746e-01
3.561220302621450617e-01
5.640677195393642984e-01
6.468662926838772975e-01
5.352710469682390171e-01
2.525751331403447431e-01
1.948310714138623556e-02
8.937392423131423902e-01
6.437877538851571879e-01
4.249674887973945436e-01
2.314065380454684018e-01
5.963236485563547795e-01
9.093152420909208500e-01
5.472229912055575074e-01
8.570247125441705638e-01
6.294338056074743060e-01
2.008228368827914556e-01
9.294252397848634661e-01
4.456711136871911449e-01
7.741165028584827690e-01
8.471301257997592149e-01
5.310829762703885848e-01
7.527076900970219864e-01
7.028555734643269215e-01
6.622791265648725334e-01
4.962783615037769103e-03
6.781816413993160264e-01
5.017261434760000860e-03
6.519617666901251773e-01
1.693372610069788786e-01
4.179214193984848169e-02
2.134792184594018760e-01
9.751212331466052596e-02
7.494748117574534518e-02
1.019202363477628159e-01
3.247416059230081586e-01
4.591396132458167578e-01
1.559161316924925211e-01
7.678154878561679331e-01
6.409296649369266019e-01
8.665935386638685678e-01
8.373989602487591499e-01
5.587853274648804103e-01
9.557576378973278164e-01
9.210535218444411143e-01
3.625830867501289578e-02
2.432937578416410895e-01
1.847270656131630995e-01
6.588535284177300388e-01
9.213544387299165139e-01
7.397937097165575571e-01
8.458103607955841374e-01
6.796280722652687789e-01
2.280229935524327178e-01
6.338466055057156989e-02
6.559255057401487399e-01
3.706937560203515947e-01
8.626822889046982246e-01
5.290371331701663182e-01
7.079788876906277784e-01
7.217050693994063737e-01
7.936528021356988871e-01
4.100827332154168836e-01
7.466610610100419265e-01
7.942012578892121422e-02
7.978251395253808109e-01
5.614204415060966014e-01
6.209579023552440624e-01
4.279320146190858098e-01
7.675463804192150796e-01
8.570081244222447214e-01
2.566176047762658285e-01
9.639981756594410145e-01
6.810690807568786642e-02
3.629518714803379176e-01
8.980182324102690128e-01
9.165790559112748648e-01
5.050874687573763122e-01
7.874962030929913981e-01
8.830976246838663224e-01
3.801992797846753813e-01
7.500471746081083246e-01
1.812944153020161764e-01
5.850627354655704160e-01
9.260895340236779960e-01
9.136147065613772211e-01
6.967327393951880943e-01
4.229325123880217641e-01
6.631768438292475754e-01
7.963469927489164046e-02
4.931443371662225239e-02
4.368527700358127985e-01
4.341485420443413901e-02
3.389443674269948525e-01
6.995072153977255347e-01
1.560157815317051444e-01
7.837609163931541501e-01
8.441547050374605954e-01
3.612874358710248535e-01
6.318945521976957469e-01
7.192962490466775494e-01
8.862626884541485728e-01
3.622199947762081429e-01
9.920795483889115474e-01
9.069028610917521105e-01
6.652558113851969601e-02
1.586911433690035844e-01
2.839007691502871689e-01
8.233169419262266198e-01
8.196197805481524323e-01
1.786178421201469746e-01
6.090378666084511616e-01
1.731008024543956303e-02
9.542965947208487121e-01
1.246974418226605152e-01
8.351021811930203764e-01
1.185070781852549660e-01
8.950692071647268211e-01
2.136350009948613238e-01
4.420078565613093646e-01
7.800928931309337733e-01
1.552925778577228799e-01
3.795487177040502980e-01
7.030262926390441480e-01
8.388659257877749686e-01
7.993623070034545641e-01
9.050557197864962378e-01
2.086307497103911945e-02
3.910187102081439381e-01
1.294708944677571694e-01
3.887044493439865134e-01
8.798864012549456604e-02
7.288903038010221547e-01
9.255213169722746880e-01
4.083412163175823562e-01
3.713069358013010302e-01
7.107888360370351322e-02
5.257418820287909078e-01
5.746068001878193998e-01
7.272477120247125004e-01
7.256949829124409446e-01
5.026376111990665807e-01
7.806329328298170500e-01
7.709038554069514992e-01
8.590238263645002537e-01
2.407453398962013935e-01
4.567835370076979151e-01
9.431628418932399560e-01
5.770335218839057756e-01
9.409377216942222955e-01
3.592228791856306724e-01
2.863091311266718897e-02
4.402367422832142996e-01
2.867776404769935006e-01
7.369260710952139082e-01
5.002258256374572110e-01
3.422850752287321940e-01
6.064165797291636295e-01
2.409692777335536995e-02
1.904259979037054018e-01
2.512410535454622229e-01
3.633341296382214258e-01
4.468008673481157489e-01
7.504096232307109204e-01
8.967057767792969702e-01
7.607299033611364392e-01
6.081841333143858108e-01
2.689834273944395893e-01
3.064041845670412156e-01
8.418455858836205730e-01
5.223313467821494305e-01
3.746300537187775559e-01
7.600018824904025694e-01
4.683479763490400183e-01
9.667125824901551256e-01
5.711907964048262842e-01
7.238518426696302077e-01
6.675322377407209018e-01
1.526410982387516047e-02
4.514144344948147758e-01
1.528698283904106336e-01
9.664607154126155786e-01
2.235999037686733359e-01
4.235081927558624892e-01
1.112956830389301155e-01
6.709296789009910889e-02
4.355285423104374720e-01
8.277419044011963267e-01
9.515889887686848070e-01
7.841512369421466122e-01
2.668459019279071365e-01
5.662284181815058215e-02
7.471465834058197419e-01
3.883051014864892236e-01
8.438287820351486612e-02
9.854600525530187172e-01
7.538212276249510735e-01
5.603572511756600427e-01
4.796365794281686190e-01
7.011679340730598842e-01
1.693083571358792172e-01
7.655155186111817223e-01
2.286521060414714590e-03
3.567853266599794182e-01
3.719426674470672767e-01
6.808317815749423962e-01
4.622911996202523355e-01
3.540721070824764949e-01
3.329713229176604061e-01
1.666509983900985592e-01
6.203924837240170076e-01
5.410438400642078038e-01
2.433948258005363963e-01
4.596064453424959506e-01
4.029580993408439227e-01
3.300237451899257213e-01
3.237686883719064213e-01
7.095557126386249358e-01
4.558851839333021294e-01
3.721525078007444920e-01
7.800718989168790030e-01
1.326213561250065842e-01
5.177598037479633764e-01
3.681736659092018638e-01
8.194078384832503836e-01
1.921958501114527929e-01
1.403909959621111314e-01
7.530146575202445458e-01
1.621572683299341566e-01
4.549907316193659845e-01
1.115823103320978671e-01
7.523917397178315758e-01
1.331185826357407231e-01
6.939738043871335194e-01
5.919864981867487552e-01
8.809951092157045638e-01
7.297890654273448963e-01
5.907266720689759998e-01
8.452990487846078205e-01
2.795574019643565222e-01
1.519049546985851151e-02
1.964340095861322188e-01
7.307344073359983705e-01
4.166172922300603876e-01
1.619216576266163665e-01
9.621175084755938522e-01
2.088308862414848255e-01
4.366509594510125103e-01
8.691934462158908969e-01
4.560327377772297464e-01
1.464581179212243178e-01
4.927230599374905484e-01
8.043519955590472392e-01
2.466011034730415385e-01
3.725288087321011465e-01
1.732587744541145280e-01
6.761476094042793150e-01
9.617736750411149949e-01
7.113409723303899534e-01
3.984652484959300134e-01
9.870262093992846486e-01
7.424595939172862202e-01
1.482690869175986581e-01
6.746661086402583329e-02
5.360495427762879128e-01
2.777629633092655315e-01
5.057315597682939812e-01
5.868504842289976597e-01
8.667108390137719942e-01
8.993144890892332821e-01
9.590886380097611852e-01
6.844686165765530017e-01
2.458578201383069262e-01
3.238077619999946144e-02
1.376248666800712339e-01
9.143493172052377105e-01
3.129106770007052951e-01
5.289149276049067705e-01
1.972202501267906749e-01
1.952969385412861580e-02
1.372431333570668377e-01
6.564468131367684478e-01
4.769242358118025438e-01
5.341927188121774472e-01
7.373451897002476496e-01
9.433229867690346993e-01
5.294811265934519229e-01
2.592078493275138396e-01
1.110297667161391777e-01
1.115828438420513047e-01
2.403428751900933413e-01
5.604557423490212908e-01
5.870081326970760793e-01
1.770871715918403977e-01
6.411398428255211668e-01
5.022935485062434147e-01
3.435658557536740432e-01
2.592236612752474301e-01
5.482657472709254742e-01
8.065018182837172533e-01
6.870135915392002746e-01
9.729247988371160227e-01
8.377539075676210256e-01
5.096934288455063911e-01
8.679822387357642999e-01
8.908728449628425805e-01
9.485478257795577628e-01
1.786437084834614497e-01
7.468447988586723874e-01
2.802699860586165270e-01
2.184791368088645491e-01
7.118443564564729265e-01
1.272318375035956795e-01
9.109757601303140051e-01
4.250268749170390548e-01
6.754219921015515160e-01
9.828790937998861388e-01
7.876342278605450442e-01
7.597027072910548240e-01
2.962708189852071294e-01
6.313298047447229999e-01
8.545287392568526874e-01
9.507528173899366664e-01
9.582154633400672417e-01
3.476208261679292200e-01
5.963187746392477617e-01
8.987649662346268720e-01
3.206553441251686065e-01
5.667911620244383553e-01
4.056934441501435229e-01
2.382088858638138351e-01
6.763002898192856938e-01
2.070546726811459681e-01
9.946329760452865543e-01
9.739623120501471609e-01
7.933387750201945643e-01
8.528860433948799447e-01
1.149116234477254306e-02
6.815503465709933373e-01
4.287617268445401697e-01
9.252445963456651379e-01
2.591260229782510471e-02
1.801375152897878307e-01
6.497053186009867920e-01
6.551265436966685618e-01
1.298762865061369176e-01
3.993041658035965114e-01
7.540302949424909640e-01
1.159383566019410727e-01
5.094818601618074094e-01
7.615206680585407950e-01
4.179361490520618894e-01
1.849400404880893189e-01
3.050478204255357983e-02
5.067115271362246931e-01
1.867600978853100058e-01
3.525429585287079837e-01
3.542353122776937813e-01
9.635393258429634233e-01
4.523370538999140766e-01
4.623089380758901301e-01
4.937423455787084414e-01
1.135375130382623166e-01
6.689589350483933217e-01
4.364673398392006076e-01
4.940919102420537889e-02
6.453350370625547949e-01
4.979915961649971079e-01
1.031985892216302769e-01
1.255493842604681332e-01
5.361311446402288183e-01
9.384594039632816465e-01
8.758080996203297941e-01
4.265249893184337449e-01
4.685151457314801204e-01
2.287854613272046755e-01
3.578388068528762789e-01
4.176956669210052375e-01
6.062061695670781791e-01
1.125708613894887966e-01
4.309130109934677932e-02
2.261240266549598976e-01
7.738887659915423267e-01
4.384410331700390184e-01
4.656130807276371852e-01
8.385229483319177612e-01
6.133377884602085883e-01
8.201004567487328867e-01
3.405911574608430081e-01
9.542689669897242988e-01
4.507529889678890678e-01
8.628019372016657584e-01
3.265177047779580510e-01
9.417895409895657988e-01
6.826611952837278174e-01
5.254740554665991992e-01
3.485615697669817159e-01
6.257077594907978213e-01
2.122958794021467810e-01
6.934240484780418434e-03
8.473199571432910027e-01
5.644833815359606710e-01
3.557904301333618680e-01
9.245548220999982858e-01
1.131431415515289363e-01
5.883259168783894211e-02
9.663791110624905256e-01
4.867848377259791359e-01
6.550685100409500139e-01
3.222381723057188285e-02
9.690107536093914842e-01
7.949815457286341092e-01
9.088101622132727098e-01
7.306126123113746429e-01
2.445587985037340761e-01
4.226087879967632688e-01
7.860485161234365137e-01
3.601979118949952818e-01
7.494336057376127513e-01
2.054141054895032292e-01
4.711074780189832278e-01
6.869024031121094831e-01
3.537239388213322400e-01
3.285020271992520335e-01
8.306605137031957131e-01
2.552202682392763489e-01
2.565635567660659033e-01
8.938935063770333533e-01
6.580004768543167293e-01
9.377733418583564795e-01
9.180906542581454000e-01
7.241800856416528154e-01
3.424438462538754724e-01
4.801176582600334974e-01
3.159588537051660762e-01
8.200260577893053737e-01
5.046272855130776724e-01
9.683606626543364015e-01
8.176396750598421415e-01
3.387228104736197398e-01
7.686597048253321907e-01
3.222841349354289564e-01
8.702956178454390734e-02
9.599327704042974752e-01
5.476823725329527104e-02
4.302272936879324439e-01
5.239052725886593764e-01
9.197334839513937599e-01
9.021374421120793574e-01
6.910650661734540900e-01
3.881423240674403141e-01
6.610910778641788665e-01
2.645942161573686668e-01
3.963902072847804714e-01
9.125164954205667867e-01
5.320260010187337629e-01
2.265697036555052168e-01
3.349454069089036201e-01
5.831102497378417571e-01
5.497269768180805816e-01
6.808080572217278803e-01
3.862486296139168163e-01
8.498997155311696083e-01
2.514771219096849642e-01
2.879205044675975378e-01
6.059995802701390044e-02
5.741371981583119899e-01
5.099088354065293149e-01
8.423797725999976338e-01
4.799800201719693904e-01
9.087429164237419421e-01
1.109434032702767414e-01
7.472166172259662176e-01
4.874684390766846898e-01
1.775520831076027317e-01
9.771134639311257475e-01
6.505836444229330384e-01
5.631029029272383024e-01
8.775434813402216427e-02
5.888563022623313215e-01
3.359468630696019753e-01
2.511627732084021902e-01
3.475136560258357266e-01
4.996390445510235923e-01
4.693749729855181130e-01
9.107408009014975603e-01
8.644922855016728969e-01
3.082297742436658217e-01
9.241200102104590863e-01
1.645800643781023531e-01
1.736030707437181686e-01
7.955963904197670411e-01
1.351178650044014828e-01
7.742350545556403452e-01
2.137307417433952361e-01
1.459979779305693448e-01
5.781242684937919485e-01
3.897225760753537660e-01
7.749313119986633858e-01
7.152449105536632379e-01
3.347203314489468617e-01
3.462316149786348607e-02
3.317159715915590779e-01
3.397452411642442049e-01
3.107788325335735236e-01
8.046528031018848059e-01
8.310592393868204697e-01
4.207648674432080682e-01
6.002891254040753077e-01
3.313120662245552239e-01
3.755951315363394993e-01
9.278129254113324231e-01
9.723189647624386200e-01
4.355315258878120765e-01
4.218690475415806107e-01
9.030698167998224557e-01
6.990420301344838494e-01
7.944098405956254716e-01
1.099300874041198028e-02
8.142685998294224570e-01
8.014823343093632202e-01
8.258854646876678807e-01
8.699515209326447174e-02
3.895060182308340835e-01
8.578759439802506881e-01
3.797078779268979742e-01
7.312745839170186057e-01
3.724207556863836643e-01
9.027363835386498225e-01
9.583650506538726743e-01
7.535072107635537586e-01
2.129768521649255675e-02
6.222100984864434858e-01
7.517420962096911241e-01
1.794823068320764436e-01
7.762860384779335376e-01
7.271055236174270853e-01
3.458520808207302677e-01
4.137400988962225412e-01
9.260371222843533090e-02
1.114150192537335382e-01
1.266097248123465580e-01
5.529299284547058990e-01
6.794152635016597053e-01
7.419634236923526860e-01
7.991297468932978543e-02
9.414155348877034646e-01
5.332614033426080757e-01
1.754001106848462888e-01
6.373255167217553030e-01
7.035218884241883908e-01
8.960351657578864426e-01
9.059958585845673262e-02
6.268380027720860115e-01
2.511627517563650436e-01
7.645318681349655421e-04
4.466469428559151078e-01
4.000410842682960988e-01
1.341712732428930188e-01
7.487625252508314233e-01
9.501063431506553414e-01
8.747613668845561907e-01
5.150323595402132026e-01
6.546980633634523761e-01
4.101559462917461207e-01
2.126908838463170692e-01
5.532453260895585645e-01
7.052963332834010224e-01
2.528499398819583632e-02
7.646722226830231506e-01
8.962605338919019671e-01
6.068638260858842948e-01
6.219099901169836686e-01
2.344464608692554686e-01
6.649081123104149116e-01
9.171464090646122003e-01
2.583909079772324091e-01
2.581340875784199351e-02
5.971934907156183359e-01
7.496135218247742538e-01
3.979737980022002297e-01
1.313170772928662355e-01
1.729665589380927626e-01
2.868779103278890075e-01
3.719899048159427402e-01
7.187026446838219451e-01
9.934939984515714917e-01
7.254698938141433961e-01
6.661999801106599506e-02
5.641205446299593085e-01
1.978356558638123541e-01
6.357961726312906237e-01
9.216789503973750186e-01
4.945668312122384336e-01
6.447278197143334610e-01
5.040500461426741241e-01
9.115340327699806844e-01
1.394766284079110852e-01
6.396954401475063445e-01
4.905473705065328538e-01
7.957459217945084262e-02
8.635056011943424981e-01
2.528005292166325413e-01
9.762741791914752998e-01
3.797756177380000597e-01
4.085250433280226412e-01
5.493304707325785685e-01
8.215698524651990908e-01
9.224899023527874942e-01
9.967464467098632319e-01
7.729284211295208706e-01
8.373050811755102796e-01
3.103586790185938193e-01
4.107016446545487254e-01
1.992204916133141213e-01
4.747023026420172931e-01
5.716233180047343154e-01
3.076415044105641483e-01
5.496231320142795918e-01
5.546924777617413538e-01
3.882897411879545624e-01
3.091959630338977361e-01
9.762043637050437095e-01
8.504694504125546173e-01
6.933913384468006758e-01
8.250060531454093127e-01
4.749995804643125652e-02
4.509500136876288812e-01
3.897040977176446930e-01
2.302316609873849007e-01
5.108453999401721957e-01
1.139098138109900793e-01
5.960801872485589348e-01
5.105075005494393858e-01
4.270558103776445069e-01
1.886635435143032558e-01
4.732761283237207905e-02
3.375558670113286697e-01
7.526633126008434038e-01
4.549190425455318376e-03
6.145532640604480790e-01
9.356838588025894188e-01
3.840184361648877331e-01
3.542632584335799750e-01
2.191001559993402958e-01
4.985129929879166255e-01
9.409401321939508955e-01
8.798105487461114205e-01
7.657675188707611103e-01
7.918129085214145046e-01
9.167325699293038532e-01
1.501530632809902066e-01
8.931583371679407968e-01
8.095498987592857354e-01
6.515171745386946212e-01
6.004231941487995217e-01
6.739820588230530651e-01
9.824316998630648889e-01
4.990838478688057744e-01
4.423096666350671002e-01
2.506428195079014598e-01
2.932711641487486531e-01
5.397608195957735999e-01
9.349634843691979613e-01
4.420735114509618535e-01
2.512754661115339516e-01
