7.068712247764965539e-01
9.766638197421425582e-01
5.857551682021066020e-01
9.976221557173093890e-01
5.473750742306637829e-01
6.665351169500788320e-01
9.311291082091627258e-01
3.731487553900191267e-01
5.969070996453882394e-01
8.586323883117821243e-01
1.494598010433489943e-01
4.649366769886921213e-01
8.164594545910102141e-01
1.353354273229770977e-01
4.774136271750385463e-01
1.331292969156696593e-01
8.984414879616541283e-01
8.870666911625386675e-01
6.192466251259356458e-01
2.960675459115732489e-01
6.922425573063927251e-01
9.004196032986693243e-01
7.169439660120311419e-01
1.884742404192077947e-01
6.739768589587959990e-01
8.399802203490327468e-01
2.298036204710021124e-01
1.679529648080898552e-01
2.383674595439867483e-01
2.303530274209082407e-01
5.439076755843446076e-01
5.603745696206576810e-01
9.618521595474815999e-01
2.208647702940735869e-02
1.070423145979517709e-01
2.652918154105089465e-01
3.393444416979041200e-01
3.496817847910235200e-01
4.868578867248546382e-01
7.868641496537267521e-01
9.782567110386997111e-01
3.929031917300505050e-01
5.518144211388931186e-01
6.607588949232019448e-01
2.126109429191491706e-01
2.868612892922333124e-01
8.311002729188901039e-01
4.489269901988790501e-01
2.040309045306705205e-01
8.143045227748468839e-02
4.138306716852779843e-03
6.165585451625854585e-02
3.837080850258115516e-01
7.672575429487016319e-01
4.915330889768112499e-01
4.833985260000353001e-01
8.769976924856381917e-01
4.216908858901402546e-01
1.363980903704550274e-01
8.541849673229385820e-01
7.532388006431990357e-01
9.228594472179662000e-01
4.009664940471735495e-02
8.822228481598188843e-01
3.903119646016159905e-01
5.325948388776214903e-01
3.521422328763388343e-01
8.641544374605311107e-01
7.380374548214024832e-01
1.289427768197985991e-01
3.111431822477943587e-01
9.187181096716862116e-01
7.869018045976871045e-01
7.405975645006642738e-01
3.284767770777140550e-01
5.933604203730635795e-02
4.861061506498055573e-01
8.624805836485210930e-01
7.023334923702804211e-01
1.196363106203249815e-01
6.385129399394784411e-02
2.707042107704948908e-02
8.893878075870881306e-01
8.907104216596035684e-01
8.272517689331027047e-01
3.139296650725240667e-01
8.966592563475428435e-01
6.293143197831443381e-01
4.521107074531606207e-01
8.529745953242025003e-01
6.367054519264299106e-01
7.871513031005812344e-01
6.241262590818907885e-01
1.182832752492166684e-01
3.601055394545323862e-01
4.121442454256191157e-01
4.321685512854089861e-01
3.987887759870812898e-01
2.868578105966591574e-01
5.521887236568262525e-01
