7.680868063235691823e-01
3.425537986114872702e-01
7.875483838171787321e-01
9.393757983739230433e-01
9.516748465586986061e-01
2.236243338208309117e-01
6.786985769697251314e-01
9.745014620080314494e-01
7.614622043669342366e-01
5.609010068379188807e-01
2.748297216936747001e-01
4.176579134733261478e-01
8.824711051052280819e-02
6.175376712649194300e-02
7.634325119149648620e-01
8.219033581007083589e-01
5.036674911888342487e-01
2.526744961704305847e-01
5.213224008201785553e-01
9.017553388098299427e-01
2.748999642943635857e-01
2.847812225992609747e-01
9.374747262342164600e-01
9.372981244124124478e-01
8.366380469414163024e-01
1.474193839556572350e-01
3.517888755201658002e-01
3.333316322547170696e-01
8.515515108679798661e-01
9.904597191968327330e-01
4.453696445986075059e-01
5.441841042694193220e-01
9.836699283733927324e-01
7.440369139949339905e-01
2.842428717513387770e-01
4.218184047177049312e-01
4.953619908375214154e-01
4.053409738797264517e-02
5.695543584845282892e-01
4.443565270571311343e-01
9.521471497938949202e-01
3.223767545051825500e-03
4.042321014588571293e-01
4.393686124892466349e-01
7.599706354911743844e-01
2.909941577153748460e-01
3.269282871939155344e-01
2.301105333860615776e-01
3.805175616783307291e-02
8.912647107371483024e-01
4.521123269041721349e-01
3.453542804303103564e-01
3.165876127433567833e-01
8.095750404040203962e-01
7.471115663964922327e-01
2.049761038674668967e-01
5.436672154865440643e-01
3.684453377126771789e-01
4.714281246427427519e-01
8.460798208461859371e-01
7.430518353658984720e-01
1.654946467167888180e-01
9.033670810961862419e-01
2.290990807867562262e-01
1.735342903468728437e-01
7.340962371396636543e-01
5.910533542804752294e-01
2.998587474371648964e-01
6.819215703518373140e-01
7.177135708196898944e-01
9.773692847721844323e-01
8.699302573613630907e-01
9.108106505042343759e-01
4.781354165361922925e-01
5.324371930812773490e-01
3.133756872153047324e-01
1.710492869914504999e-01
1.423460489284658070e-01
8.392012160467176018e-01
5.889066165600085334e-01
6.097872685428596951e-01
4.366674078623615785e-01
1.175062354731526426e-03
8.687446412912427363e-01
3.861115597833919555e-01
6.117750885481543222e-02
3.843706800089025100e-01
4.117198601609840525e-01
7.109884221870533816e-01
3.495889666678403396e-01
4.020118471104183744e-01
5.286955557956224405e-01
8.411306435856583663e-01
7.829199162260831457e-01
7.320593171837100899e-01
8.616707817607903719e-01
3.243780038329237003e-01
9.910335298925234682e-01
3.585154639796628295e-01
2.476868168968509032e-01
1.773012078278278780e-01
5.571464759874344974e-01
4.008551122543897449e-01
8.399581104017637134e-01
4.644592418618919138e-01
2.634106791781797297e-01
8.951658801026505241e-01
1.983829181171855582e-01
6.818588798922934346e-01
5.742815429906245051e-02
2.618390611265756229e-01
6.164873557032002349e-01
5.965142710411837079e-01
4.394332858385512353e-01
4.156649408421855263e-01
8.228195210111058921e-01
3.190866842698403261e-01
7.780956970358819946e-01
9.178830409548488500e-01
2.653076447895458267e-01
7.738044424167500601e-01
1.963565429683532537e-01
7.148639182392734215e-01
1.551279167942154480e-02
3.212528776736979230e-01
7.869218730353427782e-01
3.564974346287502760e-01
1.512259600224761247e-01
2.220886400672263949e-01
4.529576073483345677e-01
7.526882738930215089e-01
7.200583669819082822e-02
9.188703941096449945e-01
1.938410081643560101e-01
1.839749049737654518e-01
2.913949929168531128e-01
3.130016260854497911e-01
3.245268828455907251e-01
1.235048195373860125e-01
5.975204923188521811e-01
9.043687933330841755e-01
7.065968420696627783e-01
9.447715090151301842e-01
8.122949646768800047e-01
6.688244657847206565e-01
8.437554436550355197e-01
9.922247501107802625e-01
8.960497838222637457e-01
1.184266094729117258e-01
9.445910972403948058e-02
3.154014510751876887e-01
6.771122972195269263e-01
6.301536966638638937e-01
9.846791453696286389e-01
9.615704450497447597e-01
3.154149688013589969e-01
1.149580204960154450e-01
2.387703708577693096e-02
7.311548590960931238e-01
3.064049935589430174e-01
9.615017058438990460e-01
5.276746752228000936e-02
5.566259804526798582e-01
5.576145065925430799e-01
4.613590591438874178e-01
6.892149378151433137e-01
4.613674248164625347e-01
3.793603235033702337e-01
8.398064000800607998e-01
9.373446262962876752e-01
2.292480747387052320e-01
7.966723827933370750e-01
9.829212030440332981e-01
3.093880947047538132e-01
9.149759753549291386e-01
8.993012631481713814e-01
4.102791780676240396e-02
8.353581955931143055e-01
8.434407467561813032e-01
6.101450095448853750e-01
1.578605998117534881e-01
8.971286630355281844e-01
7.284231589220013792e-01
9.133605072167998440e-01
9.906499905698072928e-01
3.328633262994318276e-02
5.335007276150127709e-01
3.300368180013167896e-01
9.636608124997972924e-01
3.329492619528640063e-01
4.885050575909873904e-01
3.539083830071125814e-01
5.688765515981126786e-01
2.836997716370452949e-01
5.053669066029305990e-01
6.692926555840225111e-01
2.195675732670657743e-01
9.654650963195009483e-01
1.108358095035544277e-02
4.621945922770632764e-01
7.811249736560396117e-01
4.834141718046073288e-01
9.100376803838139406e-02
6.592487507861372054e-01
3.052772107295738113e-01
9.877717655512944228e-01
7.812937245369159234e-01
5.926128359033285831e-01
8.239378448063128246e-01
4.306633308432844531e-01
1.687989380691590213e-02
5.789591460007220691e-01
3.629308327069424855e-03
9.030800056577833468e-01
3.288981817174034816e-01
8.918543931967420901e-01
8.072470978392772833e-01
8.714663661031474273e-01
7.530796576361753480e-02
9.125927598727773260e-01
4.795975042173622471e-01
6.510681193132512590e-01
6.371340282768500618e-02
2.988589676627858571e-01
9.315517735836322810e-01
2.976625349833000866e-01
9.286190203619802963e-01
5.115005029861051655e-01
6.376250998652910340e-03
2.181981741172737133e-01
3.071613064451900188e-01
9.569239516862831918e-01
1.326228632889738801e-01
7.952623012412022296e-01
1.175297158079446902e-01
1.218160138900807876e-01
6.611232212499371652e-01
4.799193270525983213e-01
3.361325621606315872e-01
2.284239099619509439e-01
4.267791636066343708e-01
2.841572828183002164e-01
7.755021201035505740e-02
2.767972983659466868e-01
5.870654313657270862e-01
8.972650326265686482e-01
7.218554954049457573e-01
7.131222772645248176e-01
2.866500223783957635e-01
7.535373846602855252e-01
8.720576193385898289e-02
8.900184830726561858e-01
3.472797964006701932e-01
5.620313889887792458e-01
9.324904641809006467e-02
4.120813238127729594e-01
3.899918348982986949e-01
8.018915987757573305e-01
5.212059958052408515e-01
7.760738609409773003e-01
4.145210643026582265e-01
8.865475953376031892e-01
2.285163243065305716e-01
4.642879124721056572e-01
4.119301360917759780e-01
6.618461765202248159e-01
8.685092056467162980e-01
4.870840047877066370e-01
6.440536126033841180e-01
7.392004228350829154e-01
4.124303616987171628e-01
1.137883838312365725e-01
7.268020816731486367e-01
8.169529867560156866e-01
3.781755325485640640e-01
3.075674578641580670e-01
9.701336745866484534e-01
5.826795398450898000e-01
8.116651513797620288e-01
5.543666237486148951e-01
1.533474428034270476e-01
8.585183038420272084e-01
8.157942066755076160e-01
4.556877207493528203e-01
9.035162354566133036e-01
8.648563731241649677e-01
5.046659757548430658e-01
1.561595064822133283e-01
3.192414876069445961e-01
8.604647785328691789e-01
8.908317561404233142e-02
4.129464807683254080e-01
1.041838418251166409e-01
8.651218873777445362e-01
5.988381763248561418e-01
9.620320075085164735e-02
2.439107090552226076e-01
8.586304770320387636e-01
8.627761073559219174e-01
1.193298709769197163e-02
6.465294826734528932e-01
7.835130646638923668e-01
4.720894271460703839e-01
7.263326681458824874e-01
3.817981256863899331e-01
2.394003116739804593e-01
2.400990134002699561e-01
7.228339684523443776e-02
3.666972248367200704e-01
5.775641694323683240e-01
4.140845342806874774e-01
1.980678284986081561e-01
7.648402639203646380e-01
5.215256165918011888e-01
9.845141111786288590e-01
3.890088380016268887e-01
1.903071451960934857e-01
9.603918108784347263e-01
8.965784535954878232e-01
1.547295140028388527e-01
2.673219014130622240e-01
3.843665358524769315e-01
5.870762284111679108e-01
7.990517706734744374e-01
4.707317374987561864e-01
4.657079041265985708e-01
9.911666779771958202e-01
1.316755942699676662e-02
1.252156867469412793e-01
8.506421140058573194e-02
9.506089769714317628e-01
8.540807513478552160e-01
1.774767970993929023e-01
7.474992481270410494e-01
7.606401724494951111e-01
2.311815934762422309e-01
3.775222878383559522e-01
8.418360743026078730e-01
9.159740392905235673e-02
8.098838456470672797e-01
3.636146903142755127e-01
4.729655922647049149e-01
6.145035162752461311e-01
7.666382266088358488e-01
1.649326303300802099e-02
4.953681315612720182e-01
6.064829801113493790e-01
4.191894612900730621e-01
9.040372719827234338e-01
4.483301075558121518e-01
1.649041817797685106e-01
3.261775529173024379e-01
3.474812415658005138e-01
1.375601829172893309e-01
5.462053232358222710e-01
1.298769227310540009e-01
8.735418850299159210e-01
4.007904913992217377e-01
4.158254472507219024e-01
5.065458231309105663e-03
2.795303516955072176e-02
5.162525502714723213e-01
9.183588222524785571e-01
5.292715891854339327e-01
1.759080136408375239e-02
4.147856249342524171e-01
6.821011641950763815e-01
1.977168407346574508e-01
7.424766728781793113e-01
5.846807736004184797e-01
6.672033693853158809e-01
9.510934199393279442e-01
3.669848642247516279e-01
4.253628204750433683e-01
9.354123102066320694e-01
5.483887540768762614e-01
3.815909455582794374e-01
9.999429894196243396e-01
9.511606758974618936e-01
5.323706699677672738e-01
8.823936739344475644e-01
4.561168465894986923e-01
4.220628840147323535e-01
2.655595027947554865e-01
3.130304364953216956e-01
8.094605639692001864e-01
2.737839290790381463e-01
3.559982776865848741e-01
8.602169251874236533e-01
9.459845153245357574e-01
9.128218423049886399e-01
4.525611826799774695e-01
9.880019585001832416e-01
8.565561996580931536e-01
5.294607612187602896e-01
5.046239096900329013e-02
1.170473216700613772e-01
2.903544554466696015e-01
6.668612656030180608e-01
6.129270326225705334e-01
8.788067946527420293e-01
7.370848843964034058e-01
2.520098161219259669e-01
7.761279438929519214e-01
2.121124910813273479e-01
9.991788817972883097e-01
3.948274280860425423e-01
5.584173292593215265e-01
1.851122892412420118e-01
3.119584974433277091e-01
6.071021346583432843e-01
1.196512793964812360e-01
7.006443733430310905e-01
2.879694756162265445e-02
1.390751421164990731e-01
5.749643302526128430e-01
4.815578035827616787e-01
6.190949763072912670e-01
2.660849425259657064e-01
8.539111636173375430e-01
2.644838295580745902e-01
1.084368561146384913e-01
4.290384940136209302e-01
8.606377784419928512e-01
2.376531080264552287e-01
5.464285257793617401e-01
7.894433271523373374e-01
8.414197949950011912e-01
9.791465818161110279e-01
1.691353241257184115e-01
6.450801894153496141e-01
4.915526151518677667e-01
7.156261159570160846e-01
2.205367512807268060e-01
5.759554174306720231e-01
2.602839786033315228e-01
4.340574904793363942e-01
1.612256732431016637e-01
4.675948745572714449e-01
3.942668924415833054e-01
5.264971444232752207e-01
8.095653167521594806e-01
9.606456557412466069e-01
2.812392539697067262e-01
4.150065704991581228e-01
3.773372804085812771e-01
8.329672332686576253e-01
4.449383894440933629e-01
4.630741294876271619e-01
7.302193861049162127e-01
5.843602981034339283e-01
8.763187549633097984e-01
4.931846918459860118e-01
7.184106317563215827e-01
9.657581687365157652e-02
9.405869695641606576e-01
9.959551811990893233e-01
9.257602134887965573e-02
9.646172345787965563e-01
6.870640843543068810e-01
7.779219310510915308e-01
2.406567071224299248e-01
4.176699813604380918e-01
4.152867819442670472e-01
5.455899335521477989e-01
5.641567550734470915e-01
7.924688565252419048e-01
8.994415557066272049e-01
4.599087667441688065e-01
6.830712942601540050e-01
3.796322832063069308e-01
4.147328135684530404e-01
6.190424615294917166e-01
5.379575889452081761e-01
9.487790183158080204e-01
3.537482972864430808e-01
5.423426021797932428e-01
3.791876107432813336e-01
2.325924057958805857e-01
2.978572623295312471e-01
6.901123273118776602e-01
8.357416652927703860e-01
3.022962616146059878e-01
1.654539491092897885e-01
1.749766360863216352e-01
3.483023992327820562e-01
7.920078435520052640e-01
2.609237289855896869e-01
6.927708273269269634e-01
8.841200836540076269e-01
1.933521411662089129e-01
6.617857637957175188e-01
5.425099916497250208e-01
9.067664668379227244e-02
8.538182535096257020e-01
3.439245436642599518e-01
3.494402271180303554e-01
8.645190391158532606e-01
1.668492920861991413e-01
1.425582790198441918e-01
7.680605474600569194e-01
9.640718318690673083e-01
4.779041870350067001e-01
8.876282650252886874e-02
7.968377966385269406e-01
9.143690009588246737e-01
2.554083667767373944e-01
5.596986578027028925e-01
4.868410913175214016e-02
5.937353334755527401e-01
1.482986371302364992e-01
6.514714523385650713e-01
5.328826648777780228e-01
5.186123364474852782e-01
8.011969727625709581e-01
1.034397748797052374e-01
5.109527536456639485e-01
3.138223921926059923e-01
9.659360663813576497e-02
5.134907634627650097e-01
4.250312997915639546e-01
2.720319470221673752e-01
7.294587347882138806e-01
4.014430151745047581e-01
1.078280656545191896e-01
2.004167805445037365e-01
3.857635394004697016e-01
2.917335996016762190e-01
1.009851918594288911e-01
5.026536572993357543e-01
8.727509500302540468e-01
6.928769348235602754e-01
5.259044105965263727e-01
4.167636235441315451e-01
4.715923942579485217e-01
1.978223392382703061e-01
7.938022385455476559e-01
4.154250047684148184e-01
6.701931283399060746e-01
4.156197206186285076e-01
9.963956901254149567e-01
3.431826822535987143e-01
8.809450339656227369e-01
5.288534361531209704e-01
1.485069750408331002e-01
4.823990388497754189e-01
5.688004258546947023e-01
4.073359131494794783e-01
8.372323576918438981e-01
8.000129054045866939e-01
4.843090138376137110e-01
7.829993243955543081e-01
9.682130886291250293e-01
5.998170396383870617e-01
6.156001128237050812e-01
7.902337479457680613e-01
7.847302409478701390e-01
9.249436658159660984e-01
8.082997465162141681e-01
4.563388312567173699e-02
1.798958476925757166e-01
9.147977000723923613e-01
7.274411493987866795e-01
4.586672316770742386e-01
4.070273148638919869e-01
8.611275981899088050e-01
7.761404774658468009e-01
2.372734344271668627e-01
5.832374606290761099e-01
2.308165220976113874e-01
4.307401942892081781e-01
6.998812985165758782e-02
3.979027601367299827e-01
3.289631621483535273e-01
1.880177871240823473e-01
4.011089575050806877e-01
4.377001303613088368e-01
8.308941117975584545e-01
4.479424545119883305e-01
4.956874921819228730e-01
6.415449123338949899e-01
7.847952331206066168e-01
5.135463628714741491e-01
4.475505137918228682e-01
8.771752343508414373e-01
6.882493557898606840e-01
4.879300118583479451e-01
5.006885778414446042e-01
1.920059815487014099e-01
4.430774809051954977e-01
3.687515677080998033e-01
4.524137921606817825e-01
1.417150808545228902e-01
5.869684715958894961e-01
8.120605441235804189e-01
2.493591168867537178e-02
5.278431680605003562e-01
3.571651856610337239e-01
7.820957820132556915e-02
9.976974283998442106e-01
2.674810670124211365e-01
1.268265757585951281e-01
3.012614713721988302e-01
5.963520993917190705e-01
2.424552187688222560e-02
1.552573714015065276e-01
6.203101299743453145e-01
1.602112497142519354e-01
1.916518091521599576e-01
8.317248321973662595e-01
6.513469092352695000e-01
7.122890196981626065e-01
9.876714843870615379e-01
1.180021114074710775e-01
4.793027200073348704e-01
4.181195891024629407e-01
8.730790983066618605e-01
4.550278010720554267e-02
8.644907194947770712e-01
3.545491317887681237e-01
6.108016452397800888e-01
9.702318142138370849e-01
7.088448520111566564e-01
4.645747351900673117e-01
9.385436341621852252e-01
2.086471382509201833e-01
9.660299794043718524e-01
9.191912055019912930e-01
2.015635909669499792e-01
3.909054999688404974e-01
2.702222252095375365e-01
5.855975387419170008e-01
3.860862334481883762e-01
8.727349962013004614e-01
1.069901046970379577e-01
3.226562469883279549e-01
8.359440690555715037e-01
8.834454285702253440e-02
2.097620593712200554e-01
9.258535610917232317e-01
1.647182442328442020e-01
4.162213381579705773e-01
1.624089579495534563e-01
9.136821303808896344e-01
9.368409736919139918e-01
7.721042566717944977e-01
9.060953737165239330e-01
5.430518015739579374e-01
9.665820853283446645e-02
3.552747602173182973e-01
2.498041701248168156e-01
8.648813507764807618e-02
3.203787875926389361e-02
6.346935407197754619e-01
6.249117345864487749e-01
5.438839776145514282e-01
1.733189524449758601e-01
8.356986165495605690e-02
7.050399872300026072e-01
5.006829216146315709e-01
7.923503454503156851e-01
6.899005697378923774e-01
8.024294710750368154e-01
3.886202743473616827e-01
1.675266915914219723e-01
8.445706414705461684e-01
7.871982201892224751e-01
1.751283219378282352e-01
3.360581428302573670e-01
1.678320723520368984e-01
8.384248846878320505e-01
5.980966998309913407e-01
3.063982391933826044e-01
5.949843692388474548e-01
5.044574372457160116e-01
1.200657589108145018e-01
4.641386776514209167e-01
8.543753016558157665e-01
4.071555013487215824e-01
1.467961182307492285e-01
7.735916307407101344e-01
2.010883146867524784e-01
8.499394050463666694e-01
9.554866308275020703e-01
6.054017463938893284e-01
2.022631431775437916e-01
1.815003153081033993e-01
2.487407691133231014e-01
6.094769843333739390e-01
7.746826679287486250e-01
6.796595258486398672e-01
7.492689323740601148e-01
8.092586448152633283e-01
1.603766686966842103e-01
2.864543129037144809e-01
8.337139160670289373e-01
2.301660712228948968e-01
2.401073185476862992e-01
6.046829591990375841e-01
3.449288769309911684e-01
6.720440869650268212e-02
5.446897191437349850e-01
6.611501449097220151e-01
7.003126917900178716e-01
2.934248932756200468e-01
3.421086935558006470e-01
9.544364200337069892e-01
5.439556787096058166e-01
9.776299188163298792e-01
5.477849467942309536e-01
6.719713276733617624e-01
3.597834144879585860e-01
1.982290277331321127e-01
2.070845015059866734e-01
1.040786200850285503e-02
9.351912755196967186e-02
9.298238553256438221e-01
6.885827397545202233e-01
1.647328671873882211e-01
3.073363584208836929e-01
1.625455206506152273e-01
5.080510212701374595e-01
7.890131257462923431e-01
6.967189806127397356e-01
3.562124611853004774e-01
3.298362113426506204e-01
3.808165580281603901e-01
9.901452060363961083e-01
4.143130646127679562e-01
8.236002067098219248e-01
4.832175924582080562e-01
3.100925021929146208e-01
6.264717619810611371e-01
3.251969881499503501e-01
7.443267963248628716e-01
4.144110959910360936e-01
3.965434277883461700e-01
8.906521776030280613e-01
3.985959618161861728e-01
4.845421870136782383e-01
5.526702764301966164e-01
9.923998651967580464e-01
5.254731609504422751e-01
8.036051431686110913e-01
6.329743846411077790e-01
5.888128823608695939e-01
8.299845915277512809e-01
7.098478023344779730e-01
6.983819072878588718e-01
2.170089406770226992e-01
2.233483680597289078e-01
5.784813699797455300e-01
7.447881936683669046e-01
4.905798749562432226e-01
7.059136481226282456e-01
8.478556351612238640e-01
9.534701402570546769e-01
5.778226586869211756e-01
4.993585173599118798e-01
1.313857585891459179e-01
7.977407250474971567e-01
6.427146484698273987e-01
4.390177127161066784e-01
2.378858219158459519e-01
6.162992209868470850e-01
4.951214816438209709e-01
9.578833407856220949e-01
1.957010232736662303e-01
4.206210265179315400e-01
5.397732293322158315e-01
6.292319963487452705e-01
2.444537484256192883e-01
5.458940320726191064e-01
7.181927782733973364e-01
6.619395542889274786e-01
3.243871184594080415e-01
7.627911382404100049e-01
9.201408861895024049e-01
4.827163404288723481e-01
8.914592716683769069e-01
5.051993706756974234e-02
2.675656233565092412e-01
1.603480143921475198e-01
8.519505827803099951e-01
2.689240012769972266e-01
2.265639164569804853e-01
3.891423560362411438e-01
5.569528634778945220e-01
5.819546117619990300e-01
3.106756350752951645e-01
8.909294367883332511e-01
4.774718658764739443e-01
8.555820247533684197e-01
5.478358846974452634e-01
5.225217567458380064e-01
8.928775572101876890e-02
6.030233694452584725e-01
7.996960701651898429e-01
1.022352897205022204e-01
7.839324161604943608e-02
9.894565716065021332e-01
7.992882973407265945e-01
3.744741397292858931e-01
5.740449514736668535e-01
7.386609687713800998e-01
6.375887057290450244e-01
1.151446409007652605e-01
1.844848461507064830e-01
5.154611161681770248e-01
8.138307063501633021e-01
2.946776489952951383e-01
6.878092781661865329e-01
4.072950571604816439e-02
1.874558623590084627e-01
5.355994615850252494e-01
7.401294022019284657e-01
6.559074119576869810e-01
7.194003742884648167e-01
6.209241134941327900e-01
9.437709769244381208e-01
8.846502032012090178e-01
3.746770432852715160e-01
8.768663198284365468e-01
6.445473756430439849e-01
3.253705775165224301e-01
8.854823658550919907e-01
3.180732776033124987e-01
7.189025708486521671e-01
2.318129194240314828e-01
9.257733880872031085e-01
3.348688357655906778e-01
7.348708304420266124e-01
4.340338963711257714e-01
8.667547155626328381e-01
4.056730416671542327e-01
1.247481948751804071e-01
7.818678611609861662e-01
8.393225609445489344e-01
4.735881524886623728e-01
1.199923236509675695e-01
8.867770622796476987e-01
6.023319436685545814e-01
6.900581585752149083e-01
6.572035182709011769e-01
8.140011243160872878e-01
7.189746320428668236e-01
3.511618392851435511e-01
6.059908773862614506e-01
4.982463220537640680e-01
3.814066375166424994e-01
9.316182373925764315e-01
1.963071614732575521e-01
6.789051076637719895e-01
3.291558371234122315e-01
9.201069664114784885e-01
8.078940199824539148e-01
9.890061607406646083e-01
2.830591367773488409e-01
9.616192474459511752e-01
6.210818104013001717e-01
9.712277502429733644e-02
4.560216101534808608e-01
9.960340699957862531e-01
6.941023044732441694e-01
8.644240879492139928e-01
6.710132262961771010e-01
4.809995911193568618e-01
5.754416776751307694e-01
3.574065968005654126e-01
7.000112153952193772e-01
1.963911109065816785e-01
2.912911008325144158e-01
4.290931833734825673e-01
2.862388130290793864e-01
8.766702725981396771e-01
1.767290345916774363e-01
6.354620255089509229e-01
9.236081801851787620e-01
9.011606245138759075e-02
8.463423407368091400e-01
1.892931476880956865e-01
5.560995568161569702e-01
8.164843997464408254e-01
3.275940502623286843e-01
9.060295118223692379e-01
2.015271540893104341e-02
5.277196486235803397e-01
3.377161984859635702e-01
9.764398116090536872e-01
7.917196000324522309e-01
5.511598481466829513e-01
5.739182036558663214e-01
5.696987055725879490e-01
8.170909187490671410e-02
3.084541600159584895e-03
1.100848401598764070e-01
5.999417568761941100e-01
6.108479645263638069e-01
4.086124651975840960e-01
5.434652630862170097e-01
4.291700495064897369e-01
1.683455535587798924e-01
2.016835761967921137e-01
1.644395418991183577e-01
3.901947418681794844e-01
6.198077507817489895e-02
8.499169667182948640e-01
3.196804383890107237e-01
2.973979653479352780e-02
5.614671569859597255e-01
5.129055810096642132e-01
5.107535947611355764e-01
1.972941533504551925e-01
4.653975884550409781e-01
7.402022011595148498e-01
7.495278735329214959e-01
5.342504165135247840e-01
8.423634081752203739e-01
1.033593169179104487e-01
3.135772884566553342e-01
1.013149674684243884e-02
9.310379654495865021e-01
3.989524426970141313e-01
1.645202895000267285e-01
3.689802732433566934e-01
8.194645043737750489e-01
9.418464301642248682e-02
2.858954741250903098e-01
7.019775637711889171e-02
4.526410539294960511e-01
7.089948116716835447e-01
9.396164945657572432e-01
4.525903296837782142e-01
8.572040835467481523e-01
8.784305284387255996e-01
2.065259698155242907e-01
3.694556437697550377e-01
5.178201324840456810e-01
5.676769460689023994e-02
2.773979780989892507e-01
1.694355827002831383e-01
2.507947573952952203e-01
5.422802934742808612e-01
9.686604712045013832e-01
7.218302822134827768e-01
7.403181913682611581e-01
5.877170518896056572e-01
6.962713500525157251e-01
5.717439402252488811e-02
5.160904840406529415e-01
3.024400130802464837e-01
8.935441623784916576e-01
6.085535495805114437e-01
8.689353786161202464e-01
2.386940284932098644e-01
8.304215714749710875e-01
6.566264984439607044e-02
4.537852986521984100e-02
1.730147112385893582e-02
3.703090056146404185e-01
8.848266978436538643e-01
5.878875744711853368e-01
7.323533847837072619e-01
9.592177743404158852e-01
2.471490080694672686e-01
6.032915569160616220e-01
8.586405460210124740e-01
1.195073851027247391e-01
5.284604363379550307e-01
6.378437382071753259e-01
9.377862950929695129e-01
2.172445141723248208e-01
6.270694713262254805e-01
1.243312035178111286e-01
4.623332282305064878e-01
7.830752339849373911e-01
6.361430381230465114e-01
3.782501295527038732e-01
1.314866761906656745e-01
5.529740863837131482e-01
9.933050268459353571e-02
3.204661022403380022e-01
8.516903212713498039e-01
5.139911274992179369e-01
1.801734261852282470e-01
5.052593497930124578e-01
1.644283414314450242e-01
4.597114514225564275e-01
9.177036087102674600e-02
7.742775362149377782e-01
1.814515737112198934e-02
2.449623535504941163e-01
1.971569355623947750e-01
5.801605486032718195e-01
1.432119645273992603e-01
3.120250204979024833e-02
4.174133219197796452e-01
9.516605885187469083e-01
6.723312769946621081e-01
3.285015117399747719e-01
3.209436615310360397e-01
9.651159288253291502e-01
2.342268536745372165e-01
5.144978890908775693e-01
6.953286430628791148e-01
4.607088183593743835e-02
9.884884736848922326e-01
7.622040870900839149e-01
2.055367863540781270e-01
9.228017401056920477e-02
6.669173149136848888e-01
2.960661027000136558e-01
1.151750702706988427e-01
7.978405078354634528e-01
2.832261814165876190e-01
7.174992854944222120e-01
1.560847602278914170e-02
1.173994933740514224e-01
4.439662022726689194e-01
7.811739685613336981e-01
8.986373806148749699e-01
3.914808216319729528e-01
4.719040481654409591e-01
4.622056011473018033e-01
7.088209893289512120e-01
2.296099325269347347e-01
8.349524394477080280e-01
8.325279067374058428e-01
2.045725544447758448e-01
6.263763144780053471e-01
1.720529127598675601e-01
6.226627273803396756e-01
4.520955492227013428e-01
3.671427747801717656e-01
1.845081610488826795e-01
1.886389928804884653e-01
6.015907665176012387e-02
3.714322042260980172e-01
7.587126916512786368e-01
6.238534999735084741e-01
6.476744421044171585e-01
3.669646327686099108e-01
2.525761755195036207e-01
9.464549504969422822e-01
8.215582569763755227e-01
8.588931395255574586e-01
9.384706384129006818e-01
3.123957311675809034e-01
8.216189516345917543e-01
9.757725013643128165e-01
2.357854257136332565e-01
7.994919029929651311e-01
8.186212424253913600e-01
3.772045012709753786e-01
9.516715417162799895e-01
6.921413448213807884e-01
5.002996624672720882e-01
5.117018773428622103e-01
2.019644512267774195e-01
5.561827871462216022e-01
9.891376789854716689e-01
4.372621125235078843e-01
6.987949186132625945e-01
3.654198739048921674e-01
9.407758016863552175e-01
2.495721113904718624e-01
3.287558022344988506e-01
3.132529769930894048e-01
3.722538566844197927e-01
1.103494142984734472e-01
2.425018432605696717e-02
6.985884555109519445e-01
4.479323852975107823e-01
5.120956696354737048e-01
7.740169989314125143e-01
6.998837390353784826e-02
1.124262828389891444e-01
2.939180823413020116e-01
7.669298090134892831e-01
5.660211358979644336e-01
9.013692439264480161e-01
7.831377356807469603e-01
4.097881066573761943e-01
1.327935221942097010e-01
2.871647124437952669e-01
6.966998714472251164e-01
7.350065058567901710e-01
7.855006049502365473e-01
4.502018681587116600e-02
6.691933878431423066e-01
4.054555694902876040e-01
6.047529725257524413e-01
6.269942384012261449e-01
6.044814338334548731e-01
4.484056654037816836e-01
2.942174150875741523e-01
7.513476086173266344e-01
9.657191765391093252e-01
5.089793454295761244e-01
6.049162985384709534e-01
9.470079742709420767e-01
3.442781486066613938e-01
8.974677660454686290e-01
5.987547622434485906e-01
3.454567616190984403e-02
5.209799701079345091e-01
2.491479369968940816e-02
9.807761349153732988e-01
6.828692396360680483e-01
3.966319243558089624e-01
3.702440713693286867e-01
7.205205128079832377e-01
9.519790139389472383e-01
1.529386200472128143e-01
3.370764352634215699e-01
3.994952295666553965e-02
3.021816585069014849e-02
7.424805960201440458e-01
8.518840836460422894e-01
4.008037235434133150e-01
4.164005074644703264e-01
6.628363994700239292e-01
1.850318092610547804e-01
2.263720506097107732e-01
8.464428671964652207e-02
8.855896844912591881e-01
9.578074012011265070e-01
4.808798988284723741e-01
7.543538431874490247e-01
7.307770045052027763e-01
5.366029103700161729e-01
4.094410642246155696e-01
8.099950357263300260e-01
6.894153202247575996e-01
3.867597526352553050e-01
4.829518195505049238e-01
3.656090136281092695e-01
4.159607471452857475e-01
4.487588275977772989e-01
1.073792024902592290e-01
2.627585437975608063e-01
2.900176548163533319e-01
4.476916464901290471e-01
7.327171241505670007e-02
8.785073955999856965e-01
8.436055767947524542e-01
8.443618636369442099e-01
6.129368942509211271e-01
5.868150558779716697e-02
4.146672965006492628e-01
1.171040772276407127e-01
6.112716031702652986e-01
7.421014379742143507e-01
9.773553229757763194e-01
9.544875680801125917e-01
9.417111723292901360e-01
2.912972506776911885e-02
7.994344760957872165e-01
1.262667809774088434e-01
3.615281336764701869e-01
2.969439750958559054e-01
6.564008257470708152e-01
9.633802593086617794e-01
1.986633177336988298e-01
1.092612614165985319e-01
8.874017552565860445e-01
1.160579479113644785e-01
8.415258123388108524e-01
4.974014184762612922e-01
3.315925043614282863e-01
7.145034121082644019e-01
6.961453654343030539e-02
2.645301698171390603e-01
6.116712352964359667e-01
3.403102089243822403e-01
8.820135241200340870e-01
4.902576266326149623e-01
4.859060683760162425e-01
9.682352995746712487e-03
9.833540293544451583e-02
9.579476411297291882e-01
6.944162804396287747e-01
5.997264915765423421e-01
7.802560082211421610e-01
3.388160439597086571e-01
7.477575479543893122e-01
5.812629266156847940e-01
2.835668158732707056e-03
3.371472582741763535e-02
6.049668495802053014e-01
7.064192741845467527e-01
8.057230913477367862e-01
3.837756406361717554e-01
6.694096414450978472e-01
4.589807540892687499e-02
4.672393102489844630e-01
3.125477894375310317e-01
1.155054299864268774e-01
6.466812693345784790e-01
7.548463959990511229e-01
8.457762434539883856e-02
9.765399584503050567e-01
4.116233193703655591e-01
3.591908763050726261e-01
3.793648752192338991e-01
8.364679737264388848e-01
8.504944996610436236e-01
1.275482466408819349e-01
7.389281281358570652e-01
2.840194092594112707e-01
3.511895490284904220e-01
7.503800365816313267e-01
2.822072473616246135e-01
5.588604181281437988e-01
7.748808518332045425e-01
1.904883429367684178e-01
8.196320796951954701e-01
2.211366016968167036e-01
8.951904938701352732e-01
5.745649234488328094e-01
2.851040075335087298e-01
5.340805616676821410e-01
2.390861395157651836e-01
4.680060788519493364e-01
3.255780482205365978e-01
3.724568710951409178e-01
4.125703850541018181e-02
8.659988795767297187e-01
1.229913270910921730e-01
5.965973238676302026e-01
9.601762126178720047e-01
4.819743716163753522e-01
1.568221327820822353e-01
9.281654082822078378e-01
4.940735875379328457e-01
4.921351040892051332e-01
3.501191287908140826e-01
5.571463648429034743e-01
3.971028526121674895e-01
1.945697844404048471e-01
6.408119229797271110e-02
7.271633328194668788e-01
4.380384134502365301e-01
8.303621610699664091e-01
8.757297765951226332e-01
4.046082002963042878e-01
4.819750154314250690e-02
9.899158285264797463e-01
8.543408160125158801e-01
9.047874582773139940e-01
8.815556450585569914e-01
6.138732810965119580e-02
6.815392933862388647e-01
7.620303749871386589e-01
3.404772755969114328e-01
1.901806422895403470e-01
3.343150816902200617e-01
6.206346098755681773e-01
5.301206008598258190e-01
5.004152606696140593e-01
2.860896830427525073e-01
1.021511073646967915e-01
1.272597196851845691e-01
6.406441206036745939e-01
6.783949568538535368e-01
7.893571434307280477e-01
8.444674070802817845e-01
4.868462342404853427e-01
2.302300399480387005e-01
9.262805584338174025e-02
4.497130661351759207e-01
5.658420278487991117e-01
7.841645713932654527e-02
5.645646933063116490e-01
1.630741012185611405e-01
7.601038477065684695e-01
3.976255694693452414e-01
8.031052713813595645e-01
8.498449454881394916e-01
4.279965727711096957e-01
7.950661049139861047e-01
7.954719085383170629e-01
8.997053515357715803e-01
7.664511420888164839e-02
3.184864739771005038e-01
4.176659021102333558e-01
1.447438834669100283e-01
8.420587500152204585e-01
6.946733595828735730e-02
3.409761607135586292e-01
6.087341560016118480e-01
7.994845207406544585e-01
9.152924847382958307e-01
7.741533082971726598e-01
1.168584560814622808e-01
6.926674905938614568e-01
6.869287920120780155e-01
9.666048832530096391e-01
1.263039012630681190e-01
5.436585174355307304e-01
4.723283663062703974e-01
3.840690702469610196e-01
8.923447107319624205e-01
9.234746563812084030e-01
7.093155277829908956e-01
2.409325974670915027e-01
3.608399200798002582e-01
8.710023679743135183e-01
2.326531135392377880e-01
9.853018954320114098e-03
6.047878306277842952e-03
2.679608655291577657e-01
7.286655033152699135e-01
9.359356743177393856e-01
4.072374264220161022e-01
8.027316051170130251e-04
2.547683369889369720e-01
1.554603172200396122e-01
3.384434477053369639e-01
7.596660441476857928e-01
5.038902604775854499e-01
1.392648224407005975e-01
6.840660953641790609e-01
9.190795071226114388e-01
2.128190655549554444e-01
3.339005100744174559e-02
1.593450284325553801e-01
6.775432541494563754e-01
1.568842476613657722e-01
4.598114384286062784e-01
7.128805503343025318e-01
2.655162269232241856e-01
8.678366209598918912e-01
2.805945376674351399e-01
7.923816072546947531e-01
4.136656289891025295e-01
5.382056053621852021e-01
6.715609481356697996e-01
6.377086957463099504e-01
5.988818372762391151e-01
4.704104826373416426e-01
9.471646230583670167e-01
3.921564501878305187e-03
9.818020293590317138e-01
5.009927610935814846e-01
1.067827638799745404e-01
2.501847263586374215e-01
8.361647923657951065e-01
1.734407828196496970e-01
3.585431880730715060e-01
1.196612921156513520e-01
8.487825441894591982e-01
8.926584099633361191e-02
4.460090250079885577e-01
5.826113039007065897e-01
5.182043282288233410e-01
6.669262717462189904e-01
5.023273340556005939e-01
9.632131683657980670e-01
4.534458611908117609e-01
7.929254873411040183e-01
3.137961200515230198e-01
4.624757720038672471e-01
4.724677937261614336e-01
5.426633596404762949e-01
8.385349749193437008e-01
6.452296547614980726e-01
7.093577485184083820e-01
2.851151899370744092e-01
9.932540511660772342e-01
3.087669968487846139e-01
6.098824935898384814e-01
6.228048195969778655e-01
7.091079932498062233e-01
8.468885286480389851e-01
9.280231656866086976e-01
5.660385882645124767e-02
2.661123523038024796e-01
6.285758048813885335e-01
8.993679878394859051e-01
9.497751483568127595e-01
3.484046388668726735e-05
4.876827027360963740e-01
1.975958449155011953e-01
4.359807575949733449e-01
6.491457402153639755e-01
9.761204507469667391e-02
2.807936849859815620e-02
6.968715083972304436e-01
1.950991181687140585e-01
5.615196111503862886e-01
4.172011698942691416e-01
4.909940231284742884e-01
5.130592861601226407e-01
5.707635086450739692e-01
6.610288076250504519e-01
7.846004037064047143e-02
6.848003593765351615e-01
9.786215715520353298e-01
5.554129235953586541e-01
6.070427659226478312e-01
3.273737624126064061e-01
9.653220925198610081e-01
2.330304754146006463e-01
2.822967954267847634e-01
5.403405402026251192e-02
6.740414528120896032e-01
9.564712021976793377e-01
4.302473333654075471e-01
4.812545177055312928e-01
7.959951772370519318e-01
6.631653402892517812e-01
8.934216389358994315e-01
8.368380465242386546e-01
9.090703587758177662e-01
2.146686774181467694e-01
8.410095465565610162e-01
5.922598047854307213e-01
2.551516352277123367e-01
3.599340229604602870e-01
8.223207024893733896e-01
2.611448817806116818e-02
9.582744330737547056e-01
5.024154781347653920e-01
7.110935914264689961e-01
9.344378434179678727e-03
5.302121308341330996e-01
2.955557340046415238e-01
8.152740623402798814e-02
4.051045302059560482e-01
5.687456351973803059e-01
3.018918366655101160e-01
4.586358923499990192e-01
3.263831966995963674e-01
3.599367234882003830e-01
1.542022252278352212e-01
5.818948062782676178e-01
6.258999075569194881e-01
8.435524684678563645e-03
3.333714478612603838e-01
7.481167940038870867e-01
6.867011428426976760e-01
7.414579556109113234e-02
7.830189274664411947e-01
3.884019148035243729e-01
8.116589802599871728e-01
7.754432190099286304e-01
2.584079903586182780e-01
9.393076362660284229e-01
5.017031720878605272e-01
5.813513743160879654e-01
6.005267128738978055e-02
8.152343162138513399e-01
7.446871802590613321e-01
7.897235840433759479e-01
5.592395108493650735e-01
9.853468793169617435e-01
4.441679999961797298e-01
7.814296566828087265e-01
4.703133545293203266e-01
4.115476804621565066e-01
9.347723820971517439e-01
6.809899841331042980e-01
2.405231925734518938e-02
8.217297322499560464e-01
7.546960562966650299e-01
7.755682527900176204e-02
3.573485392438146002e-01
9.231077202032721418e-01
5.644888688070391902e-01
1.540970782699714325e-01
3.432272088382039010e-01
6.357458194979540567e-01
1.651001025294012159e-01
7.153635351542418919e-01
2.044720877018854077e-01
3.375652537733921932e-01
4.092146913928831342e-01
9.789497863222000884e-01
8.392675660816039107e-01
3.057812303345354144e-01
9.933024797357077329e-01
6.600540020933820529e-01
4.181239996334096265e-01
9.832701539679399305e-01
6.746243242771152726e-01
3.069416660083914561e-01
7.957303173459698842e-01
7.667095165927806377e-02
8.490378247411156654e-01
4.715193108502613306e-02
4.573940488262246973e-01
8.038518707962698517e-01
3.790607160694172695e-01
3.388240544864812298e-01
1.079458582660938193e-01
7.236397101279198329e-01
8.081323550183325821e-01
7.739502999949539053e-01
4.644045699404272254e-01
8.462898950344731608e-01
1.869061749631972802e-01
3.196864251014549518e-01
4.074577077085221877e-01
3.429115272898859423e-01
5.140299853957794873e-01
5.693595744934196734e-01
9.477847662695535469e-01
5.663143216850339279e-01
8.789017454398974083e-01
8.855830640577955215e-01
3.439291801383522751e-01
1.982151036313032355e-01
7.765079724732039113e-01
1.932200937166528298e-02
3.718976585110249644e-01
7.540038283999254132e-01
7.758920537077007573e-01
8.938961871933267522e-01
7.056157097813976486e-01
8.015419008919216770e-01
5.288838202140735412e-01
8.276603705988805348e-02
9.647577060838611329e-01
9.979495277745489279e-01
5.477963163802851421e-01
6.525774936306825147e-01
2.958557699392179163e-01
2.470994304971690925e-01
9.646566193632118980e-01
5.785736830633101402e-01
8.029157238112641926e-01
8.266137760069481866e-01
9.402630055652565488e-01
3.330960553497673837e-01
2.835822417852896793e-01
1.444001627848060521e-01
6.253891721825354244e-01
4.934893752398185063e-01
6.375295871251364099e-01
6.417026969801203906e-01
1.267822677769894213e-01
6.393794805234942480e-02
5.653212051033752461e-01
3.147941426550540100e-01
7.812635117080487523e-01
1.558113449135675177e-01
2.237057268784287123e-01
6.334906068126261447e-01
3.165322411374312805e-01
3.696845051315595931e-01
2.463191144976133451e-01
8.217882962471024788e-01
6.029333623744875803e-01
3.649367318276842687e-01
7.072565205216657658e-01
1.684729399520231707e-01
9.148961741013688087e-01
1.125590127922186934e-01
2.654013836641304636e-01
6.608291092978475501e-01
1.553978108878559805e-01
6.631647158961195831e-01
3.223563080145789295e-01
6.027174879618877323e-01
1.092323970084936313e-01
5.159090243164891065e-01
4.673070016895986001e-01
1.147279118059627567e-01
6.376373146130265290e-03
8.909394001706826272e-01
1.816001825071092979e-01
1.077328958187174779e-01
4.315053689325211161e-01
4.918524595815501055e-01
2.717753806919703807e-01
2.233636787869295315e-01
5.866684464129366949e-01
3.968776292981227583e-01
2.951644192744066197e-01
3.124662948079557356e-01
3.317835987087892624e-01
1.187614722215912799e-02
9.739304480915056406e-02
6.899322996087347004e-01
2.221636445195754872e-01
6.692004881316748754e-01
8.294486845677609965e-01
3.633035109142800367e-01
3.654898301682425465e-01
1.027857914859386934e-01
9.115988064949309688e-02
8.122445523175884086e-01
1.050920241614224926e-01
4.089859043601563604e-01
3.663352510316473243e-01
6.865446210465990795e-01
1.024299968277442296e-01
8.106791362559421232e-01
6.927210629499995775e-01
4.623668243015659485e-01
6.412761887762062907e-01
2.395884611288767729e-02
2.207524139621008796e-02
4.273448241154460536e-01
1.058154540240922037e-01
3.227377340407892037e-01
7.979164891363353940e-01
6.821113078641886096e-01
6.340362057590864797e-02
7.730886555761717904e-01
3.545602253127744241e-02
9.801171407226139110e-02
9.468496802763693987e-01
6.604726442444236456e-01
5.533121310662690862e-01
2.596209463371854653e-01
4.250137571475413045e-01
7.993755351836582257e-01
8.328835820525122280e-01
9.141787014880276008e-02
1.919098559908426482e-01
5.768941096162975013e-01
2.378571394749234846e-01
6.156945089552103845e-01
5.750062182690551804e-02
5.558681094486300767e-01
2.986843744121283617e-01
8.018282222888539756e-02
7.505478687390774173e-01
3.513010397260744044e-01
7.873987096659654794e-01
5.860515621571301681e-01
8.784660373159814961e-01
7.055652677679691287e-01
7.616557354815162162e-01
9.280362457408628529e-01
5.455388133572822706e-01
9.631004259610874696e-01
2.089199231491615238e-01
5.620154321895858285e-01
9.893758462397922449e-01
9.780420684713102553e-01
2.776269933922849154e-01
8.630642601503644151e-01
3.213183587919749007e-01
8.650140590337460633e-01
2.863103161633231419e-01
3.438306813489832026e-01
5.529728736547944168e-01
8.629679406183088375e-01
9.132781061883670226e-01
5.293244579492772939e-02
8.572780958249834882e-01
5.121237629723209839e-01
4.320465144071672370e-01
2.188218219443205381e-01
7.661741195132669713e-01
2.008577013435005609e-01
6.833950404590118932e-01
2.454045141275241759e-01
2.718111570806435173e-01
3.411285968551980297e-01
2.197686993031777725e-02
8.100959837146866072e-01
3.456863775964458263e-01
1.740938149517051725e-01
6.396047740919947877e-01
4.578989332483903718e-01
1.863451502456884290e-01
4.217647616796079690e-01
5.341304225815853846e-01
7.817187332541772893e-01
8.447491330219282224e-01
8.823372330839176492e-01
7.379522244495725358e-01
3.545975871719194705e-01
4.330259068948749679e-02
3.217104506293373412e-01
1.448193248724450877e-01
3.152124750548015442e-01
3.864562455237207095e-01
6.232556664954059800e-01
5.436195608260582235e-01
2.021012523240650616e-02
3.825141722332945360e-01
5.658464413144749239e-01
5.513340083941538072e-01
4.970079766903007235e-01
6.218796249614395588e-01
8.656947714346100442e-01
1.221124563542378416e-01
3.600699582509810925e-01
7.446396674172216512e-01
4.990817489579956190e-01
5.092228054915448610e-01
1.765753226007285015e-01
1.254210685260797042e-01
1.283854769064084467e-01
3.874419987476857008e-01
6.552033505033242333e-01
1.335385378233111542e-01
2.043938701461598395e-01
4.854497892248158530e-01
9.652559220092494785e-01
1.691627225918186372e-01
2.145420899602578091e-01
3.003487745620003757e-02
2.656944942984498237e-01
8.711792717153410415e-01
3.817760649057639899e-01
6.886407265750765783e-01
2.447208040157793363e-01
2.908350867299791531e-03
9.566644640745560757e-01
7.782730646261343255e-01
3.509354884570630162e-01
9.913279445350572372e-01
1.468374166533041869e-01
8.595952367268281380e-01
7.993197546544273946e-01
3.221432863456934470e-01
3.202240273044832941e-01
4.187624357610644221e-01
7.452764600457794097e-01
3.287714266365426852e-03
1.838813996500077153e-01
9.577791513348796748e-01
7.057818457683782132e-01
7.590392361362783280e-01
3.380108603050259175e-01
7.192698346261587883e-01
3.695013444471718644e-01
5.648251543647642148e-02
3.813536805046968681e-02
9.789513080447944660e-01
3.945450972048486493e-01
6.757999389158318992e-01
9.529043604476694629e-01
1.942272208252351362e-01
4.045991775916184530e-01
2.989279050984212649e-01
6.016241132922210966e-01
8.330917735300569227e-02
9.055539052224729213e-01
9.562179355753247512e-01
5.949255398985094923e-01
6.157089371565476199e-01
4.179968797240076750e-01
3.404625187317491530e-01
3.160401911897149363e-01
4.915084765110662168e-01
8.432781965892865994e-02
2.854159694389023505e-01
8.693255031139534017e-01
9.485051350081048493e-01
5.235065549856555700e-01
9.511888076602729170e-01
6.575182336927577476e-01
2.583694443809303465e-02
3.454856377464218253e-01
1.847598272731983959e-01
4.672973562485402965e-01
3.452259727113109467e-01
9.835760115525616909e-01
7.792485375004009063e-01
3.385520739723668626e-02
3.122013568997301647e-01
5.858857087368013472e-01
4.941399601936502517e-02
6.744871819872727547e-01
7.533356463037265138e-01
6.169862564387347259e-01
2.307877251211398750e-02
6.552384773825714603e-01
7.585557919803630478e-01
7.558069161143853298e-01
9.049226486070429676e-01
1.634779943731035079e-01
7.579253947915070011e-01
5.821713654599673937e-01
4.580685303511294881e-01
3.818913826428669278e-01
4.220604568844474880e-01
2.094252360612863795e-01
8.915904615377132636e-01
4.895850769076146580e-01
5.818971728618123063e-01
3.144232266861201053e-01
3.186646936694836896e-02
9.232036497001010478e-01
9.668517623522917548e-01
5.477732250034258454e-01
6.387824165407849364e-01
5.768592184873638784e-01
3.301888197433752170e-01
8.974813168668070995e-01
6.356116324410783225e-01
8.122499612508742306e-01
3.053896626227304845e-01
9.758042035976216555e-01
1.359891027045778689e-02
7.661288033636526329e-02
4.965696328121327330e-02
4.929103379727486356e-01
8.309596032573254298e-01
5.149900345605450402e-01
3.995700281548889565e-01
9.530561939948721806e-01
2.264471493822585169e-01
2.814891955904452736e-01
6.123238136969932910e-01
7.869643135676973600e-02
4.495130992074758414e-02
4.903218035445062739e-01
4.045164338014963779e-01
1.674880798346067845e-01
5.949901423436487757e-02
8.606993014851018753e-01
3.459037148359435099e-01
9.622592602796236072e-01
2.292387738136114628e-01
6.933170219697667447e-01
8.088498870855698186e-02
9.648408198167585104e-01
1.590136873105510995e-01
4.485656204697058280e-01
2.863829352709855725e-01
8.941384881255932671e-01
2.555981212836047067e-01
8.895925834971210033e-01
7.692573367037454091e-01
5.365726530634974401e-01
1.433154909564285928e-01
6.784550984356898518e-01
9.502753890101626189e-01
1.695201863759444594e-01
4.758555572485733132e-01
3.373347518246175847e-01
7.119515811306834641e-01
9.399097124950983595e-02
3.575222882388474632e-01
9.563020937800915666e-01
8.842137507948564235e-01
1.257639507034506998e-01
9.695283311101721146e-01
7.220889186998089571e-01
3.113047694444229796e-01
2.700590174906928320e-01
2.626967834060761620e-01
4.896784627702621684e-02
9.498670626299632325e-01
1.674496199965251897e-01
3.447068414417532312e-01
7.358637894079229635e-01
4.526216707241002002e-01
6.425268907996425360e-01
2.070639963920196669e-01
2.340721435357107083e-01
5.645393551776642926e-01
2.234704674239927913e-01
6.353379889256205448e-01
8.616844936705869706e-01
3.069805429164641497e-01
1.760876514226520362e-01
6.413604344555701164e-01
5.958797115368146269e-01
9.997916665046683304e-01
1.324731430269650012e-01
5.805630802548752412e-01
2.263415231077803291e-01
8.184060671384296715e-01
3.339825414061871056e-01
8.388149853719051308e-02
7.301454238577184119e-01
2.798732524488956042e-01
5.730616737537573835e-01
5.921104900249660741e-01
1.233861999766461270e-02
1.942222226524062956e-01
8.684151181048710422e-01
8.745444385779840291e-01
8.549611977199560453e-01
4.225834824420687807e-01
3.311868647123520359e-01
8.168878348215542484e-01
6.026148608414552132e-01
2.654843196458668286e-01
7.155878621481869262e-01
7.713830581922681562e-01
9.403655837221088776e-01
8.622200853152663935e-01
8.582244248205521675e-01
8.029149468883324259e-01
5.207960438378199663e-01
2.277074898739461783e-01
3.627014589948779344e-01
5.957851910181951594e-01
3.508892578267901463e-01
6.768277731105282191e-01
6.021572808722779335e-01
7.793557419851632195e-01
2.826517066257255850e-01
1.759795065388723989e-01
5.864230083002519578e-04
7.839385603313436812e-01
4.023391098181450243e-01
5.548544623952266219e-01
4.003611665489095195e-01
9.551070910531056501e-02
1.755337773105016819e-01
8.960453524014131421e-01
7.377876433285646129e-02
9.947743738093917099e-01
2.476617786994279591e-01
9.205588498060319758e-01
6.640613748170376418e-01
6.659304392119433924e-01
2.824777311207193886e-01
8.380246504584272227e-01
7.405620451256262893e-01
3.823482284242067930e-01
8.381644387293606391e-01
3.200745271730787156e-01
5.979981975185254539e-01
4.673668598241786931e-02
9.633743996017604116e-01
5.181812827878713446e-01
1.517363758868551793e-01
4.463551743651616999e-02
8.796632947025113669e-01
1.359207395660588791e-01
5.983801583584101857e-01
8.126449967297424415e-01
5.302897130383232849e-03
5.416808506298493864e-01
2.387502529397129702e-01
7.196174681923300787e-01
4.999935753134033822e-01
2.403200257713360433e-01
1.131979503586595381e-01
1.029211016988562655e-01
7.304710482748772993e-01
5.578906105499642498e-01
2.633804076855987830e-01
2.890327535223324862e-01
4.758446475603201886e-01
2.199747523908039959e-01
7.660264012686283097e-01
5.798169533241593898e-01
9.904693094721457314e-01
2.017423861481040248e-01
1.500048415204029428e-01
3.649140230310091715e-01
9.476152844155733002e-01
8.098401949007290046e-01
2.566238968652568841e-01
5.389850291977458241e-01
8.400259765665891720e-01
6.570035253819443977e-01
6.216446139256588399e-01
8.617129957708659083e-01
8.198860257418454367e-01
7.260990710747481369e-01
4.048770469571046915e-01
5.019316815209674543e-01
8.679316031075530180e-01
8.250685907685181286e-01
3.654338340863516610e-01
7.577101566906294661e-01
7.751624777072269046e-01
4.047649536937147907e-02
8.567105368212434291e-01
8.600660689311405704e-01
7.976095232372553134e-01
8.004941189877085028e-01
7.069214522719777793e-01
5.293838571419022809e-01
8.715368640134550926e-01
4.581677396745517106e-01
1.899818119096464697e-01
8.631210502762389769e-01
7.880547001538873442e-01
3.892003420480928400e-01
4.682932036619530392e-01
9.092481112946336763e-01
1.965311677964132198e-01
9.784832671311404217e-01
5.278721897400751040e-02
4.388029058239346636e-01
5.354932683393197612e-01
6.375448273511028496e-01
1.315346923916307365e-01
5.473638548232917511e-02
9.886906401762374230e-02
9.072611992637266143e-01
7.216319179679751006e-01
6.700947699675382507e-01
8.872291385615046488e-01
4.223226884945091575e-01
