2.979991042078509733e-01
-9.507579343119542115e-01
2.012779789157869370e+00
3.230759168275211812e-01
-1.614461364290896261e+00
-6.335350536951364075e-01
1.619104051284074863e+00
5.674448228181665499e-01
-6.361582106466880937e-01
-2.044579657124702687e-01
-2.215601539660674746e+00
1.320344436705412072e-01
1.086658149512940846e-01
-3.267419217109084895e-01
-3.594479181178815153e-01
-1.159849145560922085e-01
2.635206360015350580e+00
5.202274754747760604e-03
1.076070005278770614e+00
2.764499679029301382e-01
-2.154518948082222440e-01
2.187325150852170441e-01
-5.694633482912086347e-02
-1.094651389309433620e+00
1.869129243265925000e+00
8.794074222690446696e-01
-5.871657346362025437e-02
1.817337694041544216e-01
8.726964548229689811e-01
-8.445582779551444874e-01
8.986111941550221083e-01
-5.613657140810043300e-01
4.718464595429580632e-01
-1.034449178956163007e-01
-7.318862750160938235e-01
-1.727812267166870808e-01
-1.072267668950276143e+00
1.239743768070048907e-01
-1.590152087690566374e+00
-1.221645267860671957e+00
2.870574472437852770e-02
-1.288144366286326115e+00
1.237888308993627229e+00
4.167766763262098495e-02
-1.452401520965223680e+00
-6.017194601195817727e-01
9.679788641489001089e-01
5.594949940016669121e-01
-6.593926745001864320e-02
5.269347652116253000e-01
-1.664245275523012602e+00
1.643369755839382274e-01
1.937979008324240415e-01
-2.242526554726725352e-01
1.467070598261079328e-01
4.539250994000169626e-01
2.415585695359601992e+00
-3.394498547950228762e-01
1.848122958411704042e+00
-2.511393670300182679e-01
-4.629246174965167548e-01
3.002950841380016556e-01
-4.863144094882649315e-01
-8.503358838434027511e-01
1.476621495988456045e+00
8.359682502979924879e-01
-6.118925794203554647e-01
3.197673515622818652e-01
1.196239328437642913e+00
-1.062633995400801057e+00
6.587116966613816293e-01
-2.414474493461273019e-01
5.658756582966986137e-01
-2.834891808002333868e-01
-7.295796669268653778e-01
-1.048516281913303816e+00
-1.147279261648127324e+00
-1.096194312058028711e-02
-2.118417247864385011e+00
-2.853663025164235312e-01
-2.499371319152081661e-01
-8.711053059274910249e-01
7.800830862311942671e-01
-5.286231682668551812e-02
-1.440778660043888326e+00
-5.883618629385567456e-01
3.934440703157294217e-01
2.766541337969301573e-01
-1.840142722148736254e-01
5.908797435707986712e-02
-2.029308918734805456e+00
5.495159616507127032e-01
-1.674498178180561792e-01
-5.661321485969229850e-02
-6.060718501609183573e-01
1.810102450050829759e-01
2.071490637272404900e+00
-3.536866420528998467e-01
1.570908857529902392e+00
-1.129928401856027109e-01
-9.019509829947884860e-01
9.805039548761291801e-01
-5.766429716601390032e-01
-1.121724583271377806e+00
1.477400818366583879e+00
7.421339160736208918e-01
-4.227894985289531449e-01
5.193283294803214822e-01
9.371912056787043976e-01
-1.236440227343317128e-01
1.582741522407045798e+00
-3.140098554110253293e-01
9.636306208074171264e-01
-3.100594187707981456e-03
-5.902962904772009189e-02
-9.751110215252640767e-01
-3.356110531079463666e-01
-2.060332543835633468e-01
-2.158245741994480493e+00
-3.835875755505391838e-01
-2.493067435304129331e-01
-7.465262471777337483e-01
1.206021738709932567e+00
-3.895971829580779366e-01
-1.651412822912075473e+00
-5.782824153943764145e-01
6.205700962204586668e-01
-2.977386298696536038e-01
3.047183423950662329e-01
-3.238999420118126027e-01
-1.339440126800450770e+00
1.608411405990245735e-01
1.588774583038746746e-01
-1.797483942200318319e-01
-1.268744465810882627e+00
4.113603569732894871e-01
1.805443367462371329e+00
-6.135294217749165391e-01
1.689254356819520630e+00
-5.178946144964425846e-01
-9.574046219328777863e-01
1.137041558414776610e+00
-5.349315317956779975e-02
-7.005136509193577998e-01
8.127211000413181452e-01
2.561903591788253221e-01
-2.063129498261484507e-02
1.135327639934181621e-01
9.442109144697864442e-01
-2.113291643615685111e-01
1.731692553805843193e+00
-8.911002523088614735e-01
6.260109450143728216e-01
7.803633685174774515e-01
-1.844090874903170797e-03
-1.420053340914835704e+00
6.711877944026442000e-01
-6.355773776160540400e-01
-2.172110507642316168e+00
-4.892648822782360574e-01
-8.137154211731402464e-02
-8.438383958271270524e-01
1.253861463310746549e+00
-7.195350093300878491e-02
-1.474945917398142514e+00
7.186541971109764067e-03
7.395269353905895571e-01
2.078829595039127232e-01
5.045329183808984486e-02
-1.540344065348368541e-01
-1.284747176550323333e+00
-5.366200712735742506e-01
4.081128637311517982e-01
-1.270948596661444496e-01
-1.394410202474646532e+00
7.349071520826393478e-01
2.284626212807398193e+00
-2.985173865494233358e-01
1.546407693443593967e+00
-3.802847711898428296e-01
-1.054238981926798102e+00
1.249787055037119288e+00
-3.697329881718974254e-01
-8.793792413083914017e-01
4.178916241970215273e-01
6.608367943605814032e-02
4.997216722492898167e-01
6.026414776833680653e-01
9.213256264632131431e-01
-6.806060385785045463e-01
8.083839903530523063e-01
-1.400947963119963280e+00
3.301128158424477821e-01
-3.719923735651414765e-02
-2.123676950330736224e-01
-1.851857300746742263e+00
4.388920827317827067e-01
-7.613506909118887833e-01
-2.081612501850022223e+00
-7.584642647723789377e-01
-1.051285458842185910e-01
-1.139564178589714816e+00
1.706546769225147031e+00
1.399242391949034880e-01
-1.738373627081337913e+00
-7.448419809425129712e-01
5.738954003850678109e-01
-1.167753210025115618e-01
-6.209015147768706111e-01
-4.048214971447174071e-02
-1.373215886339880454e+00
-6.154970639696101253e-01
8.043877616295641575e-01
4.426736695842737879e-01
-1.214817112455038872e+00
4.093532439047904981e-01
2.060426983787822852e+00
-2.834299397190747638e-01
1.454126453272652775e+00
4.720329599811279864e-01
-3.243787589307566277e-01
1.206829344102176016e+00
9.673081152016417550e-02
-1.007167663100003496e+00
9.508203073058311139e-01
-3.473850760091651280e-01
3.730586148392595058e-01
9.416309652770719074e-01
8.275369708947371006e-01
-5.560768322775195838e-01
5.049518630972551492e-01
-1.353262434502131795e+00
-3.172038011228402454e-01
4.144521859980884737e-02
2.830762572763489970e-02
-1.642524048971706119e+00
2.400091690165775671e-01
-9.765285287679795756e-01
-2.181276003920419981e+00
3.416576089053300902e-01
1.615718975087504783e-01
-1.418068891381396579e+00
1.351595138432130083e+00
3.006499828439775368e-01
-1.360661452781413372e+00
-7.458680731199642810e-01
9.207847747825358420e-01
1.907358580989422514e-01
-1.081099477367689854e+00
7.520459479472824116e-01
-1.772695651217710111e+00
1.929358836948530040e-02
5.959247388544288704e-01
1.224216324909555009e+00
-1.323141351191425397e+00
9.856223774810349836e-01
2.208543852987191247e+00
-9.783935876860065661e-02
7.302724489662502094e-01
8.085073891285167180e-01
2.884278398139021315e-01
8.206649772821179578e-01
3.714829376149783591e-01
-4.896700626968524261e-01
1.849200618698966680e+00
2.761811371571941676e-01
1.164027518290914887e-01
6.107760691939593256e-01
9.342523096783471592e-01
-1.026826488973721974e+00
1.178263815638851408e+00
-2.020587584999407493e+00
-1.945180352516269473e-01
-6.154183177685919048e-01
6.506292517656991903e-01
-1.542329704832199999e+00
1.144101432324461376e+00
-1.294465008124248806e+00
-2.254027121402682798e+00
-3.293723262259982687e-01
3.324494813365534984e-01
-1.992667376349662955e+00
8.408037421635610187e-01
7.381992823525453939e-01
-9.337531003366650317e-01
-6.878859705777312650e-01
4.455167466053168712e-01
6.439609624759430329e-01
-1.187418864348888548e+00
5.513477219160460852e-01
-9.985041019361203807e-01
1.009028559509479450e+00
6.844058609127823267e-01
1.115896746186875843e+00
-8.511032348674906212e-01
9.613746644876866032e-01
1.710037899232107694e+00
-7.538341639956371854e-01
3.466627675464758473e-01
8.086575053559327819e-02
6.123191545558847038e-01
1.989437303046203975e-01
3.953926695346824394e-01
3.108265625078041744e-02
2.090414931640687257e+00
-1.724274148326352118e-01
3.859802284414298734e-01
9.459651323010698221e-02
6.753645414951473525e-01
-1.052385031824678796e+00
1.099511412646640762e+00
-2.654899732418948499e+00
-3.610687782817337266e-01
-1.110835636305165908e+00
7.011895737236157888e-01
-1.175924748292731303e+00
1.449817170259348975e+00
-1.146856509968561033e+00
-1.967247704726465818e+00
-6.100798858450323658e-01
5.195192769602057226e-01
-1.958392405764146194e+00
9.545576546300031939e-01
5.546023683768137591e-01
-1.371145852145874144e+00
-7.525086162343278540e-01
5.927046363432288967e-01
8.447073134451278387e-01
-7.884703050420874826e-01
-6.216027376278301236e-02
-1.083565101948791742e+00
9.610360522559616703e-01
4.945157281472227773e-01
1.036906118122990383e+00
-3.595850013524710675e-01
1.221882511381049641e+00
1.688650656977745745e+00
-1.319242301129849082e+00
-1.854601324008706975e-01
4.734868282091315994e-02
5.930911916559643560e-01
-2.856014006034496289e-01
1.840345515049462977e-01
-4.788329991536727920e-02
2.050847292899276031e+00
1.873137934696093576e-01
6.369101229356971539e-01
-5.790887096020951308e-01
6.993367563679006027e-01
-1.110385933571378825e+00
8.005330367073958397e-01
-1.527679475097980522e+00
-5.918679917253166778e-01
-1.184743924969503315e+00
1.822642312228832107e-01
-9.187026014801599194e-01
1.163001825841527337e+00
-7.485573801029568042e-01
-1.653017721231726744e+00
5.148848225926225784e-03
3.452554723826032901e-01
-1.736397761465056311e+00
1.563721003474622506e+00
7.767908339238451809e-01
-1.476272829619489135e+00
-5.383859749719192012e-01
1.417121028814526174e+00
5.741680741761227003e-01
-6.259329614312565404e-01
-2.436155502447519827e-01
-9.114000817444274372e-01
6.693615118622322502e-01
5.933610487414224810e-01
5.147392397383886431e-01
-9.928577091260076815e-01
1.212719708483461556e+00
1.723630844166483156e+00
-4.976467788794344260e-01
-6.781656889385873077e-01
4.123013065515301334e-01
9.479966416126374140e-01
-3.532403893167496700e-01
-2.271835003870162906e-01
-3.213343433019678064e-01
1.929647620419937093e+00
-2.152301864636357309e-01
2.325327625019084077e-01
-9.576616014459679027e-01
6.986564219930621045e-01
-1.570994225326517890e+00
5.641408992754168850e-01
-1.679355755869794242e+00
-4.256947670131999151e-01
-1.346131120395296366e+00
3.648788997103502574e-01
-6.334767444382444213e-01
8.459238651080245308e-01
-9.857592980830944818e-01
-1.921301642798519449e+00
-1.677874434737331999e-01
-1.598250327368014589e-01
-2.122488015881015766e+00
2.339536119367249700e+00
4.408624717708226060e-03
-1.685476869930160548e+00
-8.751088741241322966e-01
1.325566655586747578e+00
6.910781043172902205e-01
-1.071830803956606681e+00
-7.107443616609392389e-01
-1.094721560497680102e+00
1.188097959733911135e-01
8.701813230141598465e-01
6.921980929010195238e-01
-1.090836107887885209e+00
-4.600673801526050655e-02
1.842399496253505520e+00
-6.134847118038031510e-01
-1.044237802532349990e+00
5.126119783724394363e-01
3.274476798678862544e-01
-6.024658267798532058e-02
-7.385847417481279653e-02
-4.798962060564096466e-01
1.269627318872586175e+00
1.298055164829927943e-01
-5.807348987650462480e-01
-8.065885729676333105e-01
-3.605804233454446006e-02
-1.614259493100345777e+00
9.243284030465614975e-01
-7.000168382930642696e-01
1.324236628349084455e-01
-1.269368911307582781e+00
3.272571491012946782e-02
-8.570690038431708624e-01
1.147096595108393569e+00
-1.425113547406837933e+00
-2.122960509407853635e+00
-7.399622473034241921e-01
6.650773505290427656e-02
-1.455762060549925963e+00
1.811608815620459056e+00
1.742172897450892377e-01
-2.149578978049775824e+00
-6.577558320507148615e-01
3.589140168701111522e-01
9.685037376113232455e-01
-8.435389718965183858e-01
-1.463135407236691721e-01
-6.560431238547400623e-01
-1.619480826802885132e-01
1.079375543937731718e+00
6.183301269159450220e-01
-1.007672747394558810e+00
-2.724804953910476835e-01
2.063291156803972903e+00
-5.744651044866526668e-01
-2.784967682173077330e-01
6.215775806063472686e-02
-3.166384699376336709e-01
1.221163750261232001e-01
2.274931200344329218e-01
-6.322738658383182386e-01
8.847508020593261024e-01
2.614060283755805791e-01
-1.090406479535139583e+00
-1.028063397117493283e+00
-2.484692119758092899e-01
-1.085600389996761672e+00
9.457470700214116732e-01
-4.904756167483222407e-01
3.969764960287346794e-02
-1.426246604921941552e+00
-2.888766641263651458e-01
-3.704101747196179573e-01
6.554156682777503296e-01
-5.789451335408261068e-01
-2.070407447595806083e+00
-5.260713553362780237e-01
-4.442719295235237897e-01
-1.363511992467065781e+00
1.800303244660031998e+00
7.630653781809542124e-01
-2.185975085463877754e+00
-3.488416478148692601e-01
3.474788118757517474e-01
8.179181195826420447e-01
-8.153029252909735902e-01
-3.613344561330401050e-01
-5.891037990136178681e-01
-6.344033338965520130e-01
1.263361861683923282e+00
1.420177834273964379e+00
-7.027532463836685395e-01
-1.760698102907091445e-01
1.753298447582801289e+00
-5.660926915240919177e-01
-3.960459921797147009e-01
-2.978741385819851928e-01
-8.052104867422209544e-01
-4.176648401585035253e-01
6.427697931990360158e-02
-3.933396278602336316e-01
1.174314989479953164e+00
7.842577613113177470e-01
-1.152900428982043257e+00
-1.825435357682830273e-01
-4.938594734495533323e-01
-1.281591434972861876e+00
8.469034609338399466e-01
-4.313039737397831863e-01
1.044169934370648145e-01
-1.603382984042674542e+00
-1.699311285189681886e-01
-3.709218460397545325e-01
6.475919866663282232e-01
-2.766222486921191548e-01
-1.389919168606639222e+00
-8.899136025899527791e-01
-4.596294226663670823e-01
-1.384765941403597989e+00
9.583504960070476919e-01
9.655811370036448960e-01
-1.237368700404940514e+00
4.720753788599325595e-01
5.475325660394178562e-02
7.010212457585912604e-01
-7.606542881785373078e-01
-3.742771604842565769e-01
-5.010543357375493168e-01
-5.638860633838441716e-01
1.416758656048876075e+00
2.065020143660532881e+00
-6.785808801385675437e-01
-1.143587828103313081e-01
1.412401127387583166e+00
-5.126277312231686256e-01
-5.290573347452597330e-01
1.587601641277872067e-01
-8.795807508316092482e-01
-3.389154327554106394e-01
-5.323872880995229595e-01
-8.134100300164328612e-01
1.461228363345430159e+00
1.145845627157348723e+00
-1.867710316349275201e+00
-6.212326908237112422e-01
4.617832525002993904e-01
-1.228028770084343968e+00
6.993336251857237285e-01
-5.241776789646953594e-01
6.358660974554826151e-01
-1.860794100006004426e+00
1.538210201837690930e-02
-5.275850023869674832e-01
8.090917745212997669e-01
-6.521525862030087828e-02
-1.291041080569675481e+00
-6.231149531841347899e-01
-2.029642342175282388e-01
-1.172781948231544247e+00
9.154344631862650905e-01
1.038890953228124081e+00
-1.517223739746352384e+00
3.202258144947285889e-01
2.114063934141816870e-01
8.731235955696562412e-01
-5.763733832672995883e-01
-3.746029286132688263e-01
-1.216278318364067745e+00
-7.260590157512687437e-01
9.842776495623124511e-01
1.985358411810707935e+00
-7.731380721061690275e-01
-1.099597794794767852e-01
1.207144077486884903e+00
-1.024265520873751889e+00
5.724157813888794410e-02
-3.377404303646329431e-02
-8.071695148666432340e-01
-3.365315718413959267e-01
-4.547119967284076192e-01
-7.370937969151205582e-01
1.618854232787467984e+00
6.483964486041366992e-01
-1.372389688066160129e+00
-2.751375016869567758e-01
-2.295890198611253430e-01
-5.694858635026522897e-01
6.291955026239977045e-01
-6.769402634681930264e-01
4.822303134297319382e-01
-1.865527150125889433e+00
-9.938725057308102351e-02
-1.086006677192177250e+00
5.770146888413557607e-01
3.405493855533547332e-01
-1.302979895713320735e+00
-6.313134667437313441e-01
-1.208643132281597976e-01
-7.986001883138877933e-01
1.231293745412735952e+00
7.977623566531358845e-01
-1.087518421385318401e+00
2.346391491433966747e-01
8.296937280012732785e-01
1.091832362525278599e+00
-1.221734391961461608e+00
-5.546701155987112664e-01
-1.321666294075706016e+00
-4.772740091857919364e-01
6.058809448055195723e-01
1.402917244196856705e+00
-4.467244323030806208e-01
5.532692300620835058e-01
1.242332784860362693e+00
-4.238095036068634802e-01
9.551383189773073878e-01
-1.222437743294815388e-01
-2.208480382447654822e-01
-1.255081725583873764e+00
-1.975352433101347782e-01
-6.738768625546467383e-01
1.424179429845427114e+00
-2.040168436421167797e-01
-1.286571469807604506e+00
-3.367681803350906083e-02
-8.985698844602280078e-01
-7.312019163752178086e-01
1.065747654164829195e+00
-3.119032757445656667e-01
-3.430178493256565986e-01
-1.866205536271916099e+00
-1.343225290623883267e-02
-1.126117323181317520e+00
-9.384005863392065605e-02
5.754685539553423546e-01
4.487722522934283614e-02
-9.127620361270405436e-01
-6.780642506848711948e-01
-1.323391555631592942e+00
1.498122264448973562e+00
3.792581935520175640e-02
-7.676413855285266763e-01
-7.131238299200347575e-01
9.159463260591237388e-01
7.735994896854962999e-01
-6.317161389766540180e-01
-5.934936894179700939e-01
-1.203769042280310453e+00
-3.224117760885492623e-01
2.167786741050402310e-01
1.263957378042094959e+00
-7.630014231737784758e-02
9.100404176070119311e-01
2.283058389249766673e+00
-7.150654119726174152e-01
1.227216075112498528e+00
1.046139451145545185e-01
-1.001192064218902056e-01
-1.406393233660166109e+00
4.521783437095444613e-01
-6.197077323294730711e-01
1.474190977960891713e+00
-9.994207049831298553e-03
-1.399461647464196545e+00
-4.683934148973267764e-01
-1.341996289634228789e+00
-1.606000984478016091e+00
4.834149659860155768e-01
4.321532421652082290e-01
5.699700552701812695e-02
-1.282888774144546273e+00
-9.740202184141047437e-02
-3.068221584978368943e-01
-4.118995490339336096e-01
5.329430414078201173e-01
-4.193004943640744053e-01
-1.314441935915826809e+00
-4.450384198101873245e-01
-1.757283734279630472e-01
1.987374056491298502e+00
9.116419353314032525e-01
2.697152279744433057e-01
-4.878300595917971494e-01
9.843944882866477730e-01
8.014786930277471022e-01
-3.992688290420853825e-01
-1.843243858698253856e-01
-1.442127212433951700e+00
4.703186584183592645e-02
1.240960473151945659e-01
1.263633273111927968e+00
-4.301877255315798565e-01
7.985531069364831813e-01
2.211065584475800705e+00
-5.876490783570237353e-01
1.879308734825060778e+00
-6.053876105380519290e-02
3.505958141833891428e-01
-1.468749441083420759e+00
9.783833277147674368e-02
-3.498104959118957802e-01
2.157642541659081648e+00
8.405951723429179456e-03
-9.764673973438886545e-01
-5.626813618316999221e-01
-1.172391491424900956e+00
-1.235715243273830088e+00
4.572801715396179745e-01
5.442897489501479225e-01
2.566172454031330763e-01
-1.002724997635952020e+00
3.338778650961591876e-01
-8.246646355736971801e-01
-1.358658083572213959e-01
6.918551285708750553e-01
-1.015905367179748220e+00
-1.712856795694371881e+00
-9.085438764506132969e-01
1.624877792678902644e-01
1.471439773533192108e+00
4.465324367094329339e-01
1.856455914662913098e-01
-5.914180365392271987e-01
1.415787579447626232e+00
6.379175702819761540e-01
-2.344073568592097007e-02
-2.375935329031912402e-01
-1.572586016399162512e+00
-4.514200971465812118e-01
-1.144193172162664002e-01
8.886655943807245661e-01
5.999046267256757589e-03
1.228319490678510872e+00
1.937050195868641689e+00
9.175747969986863817e-02
1.404040860958622350e+00
5.457351983404420959e-02
1.008286220390929966e+00
-1.326814713520868549e+00
-3.067481076845626209e-01
-3.336091605810185268e-01
1.962398806900744086e+00
-4.234768542093140797e-01
-8.042128148456124670e-01
-1.236018131119033941e-01
-4.881377484310124304e-01
-1.115858058333763392e+00
8.670179099331196682e-01
3.327835536579943909e-01
4.061932084698279266e-01
-1.359034496307606199e+00
3.810718704926259748e-01
-2.282709340680879051e-01
1.876828115652578455e-01
5.432466168134352236e-01
-1.551993847345837452e+00
-2.184632199456789881e+00
-3.856083829135420471e-01
8.656454953249608231e-01
1.773924017734787473e+00
5.787464488341524937e-01
-7.071248163142929144e-01
-5.821672104527801928e-01
1.673107339698706841e+00
6.711388700876856905e-01
-4.181032165777525678e-01
-7.940146661882523382e-01
-1.827920407652410040e+00
-7.390830346553888264e-01
1.856729609880197057e-02
7.593867068961493993e-01
-3.328200743917137938e-01
1.062241439943081733e+00
2.234572039186546455e+00
-1.623495588325765959e-01
2.354565287921496886e+00
1.524574567879809217e-01
1.351400640650798568e+00
-7.065002547939651656e-01
-3.921548132719858137e-01
-2.513079732412546452e-01
1.857218188388543689e+00
-3.057371029499219017e-01
-4.244498591436516310e-01
-3.114963752849089218e-01
-2.901903517211049111e-01
-1.508075057636847793e+00
1.522288837301884135e+00
1.172207970404093302e-01
1.458493933257090092e-01
-8.089824473882812894e-01
2.372435503776796628e-01
-8.611710720912768569e-01
4.182862562030462833e-02
5.729302287881142819e-01
-1.064250110982860598e+00
-1.903485900923476359e+00
-3.169483005982324242e-01
4.637962537715351052e-01
1.960850880625637727e+00
-1.555358197720679847e-04
-7.287110005311900895e-01
-8.995191271479336947e-01
1.267030518887338530e+00
5.499882114246792408e-01
-4.482149545845087735e-01
-1.032337296523850867e+00
-2.246372028693357503e+00
-2.804720910099802733e-01
1.656265755703403286e-01
5.625224857814994373e-01
-2.702707244941414677e-01
9.767354814803571594e-01
2.606800284201505225e+00
-2.330919064904035387e-01
2.418857470947331834e+00
3.803399645511322813e-01
1.253238078021072344e+00
9.673619299673025251e-02
-4.505063963440254504e-01
-4.828726171269732692e-01
1.501755505228983711e+00
-1.325681575173010829e-01
-8.827998836790575954e-01
-5.884754689434738006e-01
-2.264189004263617577e-01
-8.406481606253064509e-01
8.275418860804991672e-01
1.286999034526903063e-01
-1.104845767778920573e-01
-7.684307973178894358e-01
-3.579161029156906482e-01
-5.336910907381338109e-01
8.294717935700894607e-02
6.389873520578301935e-01
-1.299366577105921516e+00
-1.237067312170906597e+00
-1.719333189883065494e-01
-2.363095251606033842e-01
2.338586551365839039e+00
-5.029007993631048334e-01
-1.304868256812867777e+00
-1.484109232980538984e+00
1.263191453274089771e+00
7.013994233139132506e-01
-4.183972120009518125e-01
-7.735231579458097251e-01
-1.701570506824630735e+00
-6.385975325092968502e-01
4.234722461092136347e-01
1.835161645966567334e-01
2.523808189698123830e-02
4.694010642893564067e-01
2.294754360186929354e+00
-4.565800047598553846e-01
2.080491538420158992e+00
5.368084738236376108e-01
1.000633467843639490e+00
1.861520969101222445e-01
-1.992534110832392957e-01
-1.313343336191598931e+00
1.367944648853503864e+00
8.908125215790750617e-02
-8.014207623622556786e-01
-2.218692920562888027e-01
3.213872564795450248e-01
-5.641990543207271447e-01
9.359696738091296542e-01
9.495427186348542881e-02
1.184690574669007013e-01
-7.951050902426238798e-01
-2.554443348971321415e-01
-9.153980345850334932e-02
-3.296454143417428817e-01
3.314678712552899253e-01
-1.413031993854072521e+00
-9.593803168537744508e-01
-6.626261971773489412e-02
-1.085039289417684794e+00
2.682668274393575025e+00
-2.292756296265101024e-01
-1.407405456109998898e+00
-1.328067890938972928e+00
1.938307228541728655e+00
3.834015502716274226e-01
-7.346382198488636828e-01
-6.942115547035370149e-01
-1.530619502460173420e+00
-9.914598421912865778e-01
6.429016300799896000e-02
5.279378127430754963e-01
1.157157952565115999e-01
2.735444946758652240e-01
2.366125067289643891e+00
-1.002761178660709941e-02
2.561972014011741461e+00
4.070606290698764451e-01
2.339515719222070023e-01
1.528327932093645480e-01
-6.034634468180206657e-01
-1.416780927583721539e+00
1.578374330760555333e+00
7.312402685696122173e-01
-4.570825630909015058e-01
-9.091309059445173979e-02
4.845589343055723974e-01
-1.082884889303530745e-01
1.832485768285553984e+00
-1.239559197677676528e-01
3.933184730616334224e-01
-5.556824373928546112e-01
-6.971239282764017664e-02
-5.347139841659208637e-01
-3.735718849156893229e-01
8.372931498784583759e-01
-1.238567889822855150e+00
-8.779008333437285927e-01
-4.073205347592155912e-01
-1.590176978726979495e+00
2.207399499804866494e+00
-5.873553639032191853e-03
-1.907283631363990484e+00
-1.066405840591573728e+00
1.366127288148896612e+00
4.683750774567780883e-01
-6.600154171806927872e-01
-5.913421460520049688e-01
-2.068215674049965092e+00
-8.042054313645142782e-01
4.788788398683579972e-01
6.917009196022148865e-02
-7.153314775181440766e-01
-1.135755827090124126e-01
3.702577700537234673e+00
7.310201749181537145e-02
1.804591715906754379e+00
7.208765951290867502e-01
-5.116551911829103107e-03
4.749140529299767932e-01
-3.045820310552124766e-01
-1.724984240595516027e+00
1.294469680873536754e+00
7.881347128141525937e-01
-3.622777390828307298e-01
-5.947590641885445173e-01
9.166049679117059534e-02
-3.057757080178103229e-02
1.325967393847059750e+00
5.584521022552138558e-02
7.567551722676157944e-01
-6.657452595404136364e-01
-4.560268759767023838e-01
-1.075749642228934544e+00
-6.716334378733439525e-01
4.137899123830265369e-01
-1.435737243224119331e+00
-1.256753027666758893e+00
-5.387392557469743437e-01
-1.108455600663279750e+00
2.370778880562221413e+00
2.392324642769534937e-01
-1.807507847458437622e+00
-6.386979227889438837e-01
1.602712178060093473e+00
1.065610194538526345e+00
-5.026179360490784509e-01
-3.953840061646566872e-01
-2.336084024078942001e+00
-8.267903091155461709e-03
2.366485775463707253e-01
2.122962932899733479e-01
-8.806755835743832472e-01
-2.590957174353853421e-01
2.906256203395868098e+00
-2.658851872033060060e-01
1.089218627186162802e+00
-1.252026353962167604e-01
-4.491502153525930296e-01
5.167120668875212486e-01
-5.143248516711775853e-01
-1.370284053426961135e+00
1.646511729284728220e+00
4.746568594745773084e-01
5.413047341782943611e-02
2.096854811542607777e-01
5.516908864670619916e-01
-1.727749484606176111e-01
1.230025013588907923e+00
-2.889483481271585275e-01
9.232449787600917057e-01
-4.210570109248728543e-01
1.081460136686590578e-02
-5.035883932086671066e-01
-1.020684256425034020e+00
3.040536670141852915e-01
-1.364173708201342761e+00
-1.346487646654371151e+00
